time,q1_healthy,q2_healthy,q3_healthy,q4_healthy,omega1_healthy,omega2_healthy,omega3_healthy,wheel1_i_healthy,wheel1_w_healthy,wheel2_i_healthy,wheel2_w_healthy,wheel3_i_healthy,wheel3_w_healthy,wheel4_i_healthy,wheel4_w_healthy,q1_faulty,q2_faulty,q3_faulty,q4_faulty,omega1_faulty,omega2_faulty,omega3_faulty,wheel1_i_faulty,wheel1_w_faulty,wheel2_i_faulty,wheel2_w_faulty,wheel3_i_faulty,wheel3_w_faulty,wheel4_i_faulty,wheel4_w_faulty,
0,0,0,0,0,0,0,0,0,0,0,0,0,0,0,0,0,0,0,0,0,0,0,0,0,0,0,0,0,0,0
0.1,-0.70325,0.014608,0.11205,-0.69578,-0.0063334,-0.0015735,-0.00090748,0.354,0.42354,0.53718,-1.7053,-0.91769,1.5657,-0.48818,0.087942,-0.71111,0.017479,0.13496,-0.69634,0.0054172,-0.0002375,0.0093031,0.53753,-0.75442,1.6956,-1.4421,-0.62315,0.12845,-1.8201,-0.35295
0.2,-0.71117,0.0091369,0.14375,-0.70172,0.005865,-0.00067068,0.0076526,0.17303,-1.3268,0.071173,1.1173,-0.61967,1.2693,-1.1459,-0.92471,-0.71916,-0.013362,0.11534,-0.6938,0.0049354,-0.0080195,-0.0045627,-0.67584,-0.41168,-0.066,-0.019554,-2.0977,-0.30441,-2.2083,0.075201
0.3,-0.69424,0.0073835,0.12813,-0.68114,-0.0047637,0.002481,0.00043719,-0.20088,0.49766,-0.35017,-0.26955,-0.89216,-0.95075,-1.2754,-0.25717,-0.69776,-0.00068759,0.10008,-0.69746,-0.01683,-0.00078994,-0.0045776,0.30004,-1.1656,0.15528,0.40327,-2.5435,0.29827,0.267,0.12096
0.4,-0.71126,0.0055321,0.13652,-0.70107,-0.0070383,-0.01064,-0.0025705,0.62791,0.60708,1.0168,0.40795,0.58056,-1.4704,-1.7669,-0.26974,-0.71722,0.00054091,0.12189,-0.68675,-0.0035095,-0.0076149,-0.0021193,0.92364,-0.22115,0.34481,-0.97644,-0.7875,-0.40772,-2.5901,0.77211
0.5,-0.69297,0.013985,0.12782,-0.68782,-0.010038,-0.0086863,0.00077027,0.3368,0.79871,-0.102,1.779,-0.79458,-1.9878,-0.2958,-1.2885,-0.69117,0.0045028,0.12037,-0.69344,-0.0066714,0.0052957,0.0067937,0.12754,-0.042608,1.0443,-1.4198,-0.33114,0.008961,-0.56082,-1.0566
0.6,-0.71659,-0.025851,0.10592,-0.68641,-0.017152,0.0029941,-0.0072311,0.48934,0.31301,0.20868,-0.60938,-0.30504,-2.8957,-1.7582,-1.4157,-0.71732,0.0021643,0.13135,-0.67742,-0.0029763,0.0039709,0.0081754,1.9311,1.361,-0.14819,-0.17231,-2.3173,-1.8657,-1.9699,-0.62799
0.7,-0.71808,0.0027861,0.12937,-0.69043,-0.014431,-0.0024911,-0.00601,2.6046,0.7554,-0.045873,-0.61629,0.72702,-0.96008,-1.1484,-2.3294,-0.70692,0.0066494,0.11436,-0.69029,-0.0038705,-0.00093201,0.0057202,1.8721,0.9421,-0.33661,-0.10717,-0.88075,-3.389,-1.5231,-0.76883
0.8,-0.69499,-0.011891,0.12584,-0.70325,-0.0092208,0.0035207,0.010351,0.31218,1.0605,0.48856,0.91875,-2.2939,-2.6325,-0.063236,-2.4864,-0.71582,0.0027998,0.13353,-0.6885,-0.010033,0.00098247,0.0073004,-0.4382,2.1508,0.62758,-1.1184,-0.88783,-2.6066,0.0225,-3.1128
0.9,-0.71602,-0.012997,0.10759,-0.70217,-0.016979,-0.0058093,0.018901,0.28233,3.5919,-0.6517,-0.27933,-3.5313,-1.2725,0.3968,-2.2247,-0.69177,-0.0010069,0.11111,-0.70775,-0.015241,-0.0015201,0.0076401,2.5324,3.9684,0.42568,0.50632,-2.2081,-3.1452,-2.0568,-2.6445
1,-0.70215,0.014036,0.11525,-0.68305,-0.014711,-0.0057517,0.016906,1.4217,2.8216,-0.68779,-1.5715,-0.031761,-3.6555,-0.96188,-3.3074,-0.71474,0.0071678,0.11288,-0.69679,-0.02457,0.0012526,0.010474,0.3596,3.3497,-0.44024,1.2337,-1.6048,-3.0176,-1.5269,-3.3892
1.1,-0.68983,-0.0070211,0.104,-0.6915,-0.023536,0.0016689,0.016145,-1.1166,2.0556,0.65398,-0.2865,-1.5213,-1.3429,-2.3277,-1.8431,-0.70842,0.0049499,0.13494,-0.69173,-0.011168,-0.0073218,0.014388,-0.017628,5.357,0.55958,-0.50257,-1.6267,-3.7415,-0.10222,-2.5134
1.2,-0.70214,0.014726,0.10646,-0.70139,-0.024937,-0.017345,0.017698,1.5985,5.1495,-0.6773,-0.78532,1.0113,-2.1629,-1.0496,-2.2921,-0.70872,-0.0067622,0.11319,-0.69314,-0.018082,0.0025066,0.022312,-0.1751,2.1666,-0.68305,-2.3906,-2.8611,-3.7336,-0.073288,-3.2372
1.3,-0.70336,-0.0038703,0.12484,-0.70343,-0.012349,-0.0025953,0.022859,2.4746,4.6075,-0.69846,-0.77532,-1.9093,-4.4029,-1.4212,-3.1818,-0.71114,0.0038351,0.131,-0.69963,-0.017036,-0.00628,0.026047,-0.082248,3.8539,0.67048,0.34558,-2.2233,-2.601,-1.9314,-4.2374
1.4,-0.70338,-0.0023935,0.12079,-0.6997,-0.014199,-0.010893,0.026024,0.15711,3.1177,-2.2913,-0.86297,-2.5303,-5.3855,-1.9276,-2.5729,-0.71822,0.023512,0.12222,-0.7075,-0.0099191,-0.0078066,0.017783,-0.56539,2.835,-0.05469,-1.2534,0.30485,-4.4968,-1.4748,-4.9623
1.5,-0.70144,0.017154,0.16208,-0.69789,-0.025713,-0.015025,0.023728,-0.21755,5.6781,-1.2633,-0.87243,-0.12548,-6.3378,-1.0226,-7.0639,-0.70562,0.0094232,0.10688,-0.71547,-0.016911,-0.013375,0.019496,0.22836,3.6102,2.2603,-1.2442,-2.1024,-5.0882,-2.553,-5.2888
1.6,-0.7182,0.018274,0.12812,-0.70063,-0.018392,-0.0074256,0.026658,0.43096,3.8754,-0.92076,-0.81547,-3.5297,-5.9557,-1.8088,-5.7225,-0.69926,0.013278,0.12362,-0.69359,-0.024746,-0.0073458,0.021892,3.0533,4.6075,-0.72469,-0.069859,0.09189,-5.3969,-1.3407,-6.1358
1.7,-0.69683,0.0090188,0.11184,-0.71191,-0.024167,-0.010543,0.021195,2.1899,4.6482,-0.61703,-0.71418,-0.73575,-8.1141,-1.0413,-5.9211,-0.70461,0.024765,0.11212,-0.7114,-0.024276,-0.013573,0.031733,0.58425,4.8819,-0.8191,-1.9014,-0.16455,-4.153,-1.9001,-6.1882
1.8,-0.71231,0.0099562,0.11586,-0.70907,-0.033211,-0.016293,0.033067,0.092288,4.8135,0.46915,-0.59433,-2.2238,-6.5856,-0.52193,-5.7,-0.66824,-0.0048135,0.11235,-0.69929,-0.022396,-0.016035,0.028888,-0.72909,5.2309,-0.44853,-0.99226,-1.8089,-7.3788,-1.2457,-5.8446
1.9,-0.6975,-0.0026121,0.12629,-0.7078,-0.025061,-0.012425,0.020828,0.65821,5.4366,0.74882,-1.0773,-0.53406,-7.0783,-0.16143,-6.8963,-0.69815,0.023808,0.10998,-0.7211,-0.022269,-0.016765,0.040435,2.6544,4.0993,-0.15947,-1.1897,-0.30654,-6.1565,-0.59286,-7.6046
2,-0.69154,0.0080573,0.11551,-0.70211,-0.022104,-0.0077456,0.024132,-0.92577,4.2194,-0.12265,-1.0252,-3.2117,-6.1285,0.18276,-7.8377,-0.68221,0.02549,0.11098,-0.69495,-0.030613,-0.014082,0.034898,-0.26082,6.7333,0.032744,-1.592,0.73731,-6.7139,0.35419,-7.5823
2.1,-0.7018,0.0081271,0.11086,-0.70642,-0.022689,-0.0065525,0.03927,0.82444,4.8229,-0.57538,-1.8694,0.79415,-7.0075,-1.6765,-6.5629,-0.70341,0.023669,0.12506,-0.69918,-0.038871,-0.0079063,0.036768,3.1806,4.2033,0.48278,-0.38171,0.51326,-7.8727,-2.9611,-7.141
2.2,-0.70449,0.00921,0.10267,-0.70695,-0.033593,-0.012392,0.037709,-0.0047069,2.8837,-1.1354,-0.36312,1.4602,-7.2527,-1.242,-4.9834,-0.68584,0.016221,0.11553,-0.70519,-0.018476,-0.012424,0.030918,-0.52907,6.6878,-0.51339,-0.91564,-0.13869,-7.5143,-1.206,-6.4841
2.3,-0.69051,0.01679,0.12218,-0.71298,-0.025923,-0.013143,0.02807,2.4354,5.8512,-0.13114,-2.5516,-2.122,-5.6039,-1.2049,-7.9252,-0.68565,0.035191,0.10876,-0.70864,-0.033438,-0.0047745,0.043606,2.5574,6.0629,-1.7201,0.56995,-0.4252,-7.7938,-1.0115,-7.8377
2.4,-0.68183,0.020971,0.1103,-0.71213,-0.049042,-0.02108,0.040606,1.3946,5.7763,-1.6853,-2.3509,-1.0495,-7.5757,-0.025516,-6.3099,-0.70394,0.034458,0.11699,-0.72236,-0.048281,-0.0028335,0.034134,1.4056,7.6942,0.28161,-1.7549,-0.071649,-7.6043,-1.2597,-9.1971
2.5,-0.68944,0.030355,0.12172,-0.71438,-0.040801,-0.0089514,0.042876,1.4539,8.3685,-1.1489,-1.1308,1.5208,-8.3736,-0.85569,-7.4606,-0.70961,0.017115,0.11477,-0.7128,-0.041961,-0.001325,0.040545,-0.67639,7.3481,-1.5268,-0.60106,-1.7979,-7.9867,-1.5282,-8.59
2.6,-0.67358,0.031308,0.099722,-0.70855,-0.038317,-0.014048,0.038587,0.4735,5.4137,-0.11531,-2.2067,0.085147,-9.7626,-1.2111,-9.8176,-0.68117,0.03053,0.11787,-0.71108,-0.03225,-0.01036,0.038786,0.76017,5.9832,0.05998,-1.784,0.57576,-8.0384,-0.32942,-8.8615
2.7,-0.69702,0.027304,0.089929,-0.70252,-0.045228,-0.012657,0.035321,1.0993,8.2904,0.47956,-1.541,-2.2723,-8.4839,-1.7504,-9.7056,-0.70045,0.0074994,0.12063,-0.70991,-0.05272,-0.014233,0.03546,0.11537,6.8503,0.38115,-2.7934,-0.78014,-6.6661,-0.82006,-10.479
2.8,-0.68954,0.0097533,0.1101,-0.71674,-0.041099,-0.018757,0.037627,0.91076,8.6916,-0.16665,-3.1307,-0.098419,-10.617,-0.66439,-9.8586,-0.68348,0.0051695,0.10944,-0.72105,-0.0472,-0.016141,0.0353,1.0387,6.7962,-0.84848,-2.0843,-1.1155,-9.5477,-1.1337,-9.214
2.9,-0.70452,0.022109,0.1072,-0.71715,-0.056289,-0.010027,0.042359,1.3595,6.0675,-0.80525,-1.9314,-0.62356,-10.571,-2.9882,-11.493,-0.67767,0.0117,0.12468,-0.71487,-0.036064,-0.021394,0.039021,0.90103,6.8911,0.038337,-1.968,-2.111,-8.9782,-1.4569,-12.649
3,-0.67963,0.024689,0.11476,-0.72092,-0.048133,-0.016502,0.04895,-0.091663,6.8794,0.77709,-1.9693,-0.14491,-7.8412,-0.87642,-11.4,-0.67859,0.02362,0.10916,-0.70831,-0.036984,-0.012697,0.04892,1.4772,7.4219,0.027385,-1.2017,-1.5068,-10.687,-1.7952,-10.524
3.1,-0.68381,0.035398,0.091117,-0.71899,-0.049289,-0.014324,0.048846,0.37532,5.6158,-1.5646,-1.1189,-1.1457,-11.113,-1.0428,-10.123,-0.66871,0.024896,0.11295,-0.73418,-0.034059,-0.012076,0.045679,0.22891,8.805,-0.23817,-3.031,-0.81243,-10.091,-0.93419,-11.046
3.2,-0.67028,0.023268,0.10829,-0.71856,-0.044498,-0.016947,0.056525,0.43533,9.2132,2.2666,0.48964,-1.2343,-8.9349,-2.9772,-11.815,-0.68598,0.036737,0.11351,-0.71696,-0.046715,-0.017315,0.052848,-0.21296,8.6801,-1.83,-2.788,-0.29516,-10.008,-2.2739,-12.288
3.3,-0.68616,0.030778,0.11132,-0.72456,-0.040951,-0.010712,0.050649,-0.038455,9.9407,-0.73344,-2.1555,-1.0756,-10.904,-2.9696,-13.974,-0.69728,0.011644,0.11011,-0.70543,-0.054126,-0.020263,0.045037,1.1407,9.7061,-0.96799,-3.217,0.23077,-11.691,-0.91017,-12.841
3.4,-0.67733,0.037635,0.099556,-0.74166,-0.057702,-0.016455,0.055255,-0.64713,9.1778,0.52365,-4.1715,-0.88991,-10.505,-1.4826,-11.316,-0.67552,0.038508,0.10171,-0.74415,-0.054081,-0.018411,0.061867,1.956,9.8194,-1.272,-2.125,-2.0435,-11.584,-1.8173,-12.531
3.5,-0.68641,0.039763,0.10081,-0.71402,-0.041592,-0.015538,0.052537,1.3595,9.3764,-0.078777,-2.6737,-0.58744,-11.003,-1.8699,-10.45,-0.68855,0.018644,0.10387,-0.74457,-0.050917,-0.017432,0.0558,2.1204,8.434,0.0096068,-0.9166,-0.80466,-11.948,-1.1973,-10.703
3.6,-0.6673,0.028984,0.10355,-0.75201,-0.045261,-0.014178,0.06581,0.94968,11.408,-2.1972,-2.0602,-0.75095,-9.4432,-1.0979,-11.703,-0.66847,0.035286,0.093863,-0.73411,-0.046236,-0.012419,0.052162,0.9729,9.9059,-0.5669,-1.9064,-1.377,-11.293,-1.5628,-12.852
3.7,-0.66526,0.038478,0.11449,-0.7223,-0.056756,-0.017675,0.054822,0.40648,10.543,-0.054704,-3.4345,0.01752,-10.277,0.29005,-14.401,-0.65531,0.033651,0.096989,-0.71939,-0.050368,-0.009882,0.043541,1.1523,9.75,-1.9221,-2.6612,-0.63533,-12.049,-1.1285,-14.8
3.8,-0.6518,0.040029,0.093197,-0.73913,-0.056147,-0.023339,0.051095,0.36225,9.3111,-1.7024,-2.9999,0.076878,-11.959,-1.6582,-12.994,-0.68497,0.046009,0.078287,-0.74219,-0.06507,-0.0089142,0.055407,0.88838,11.352,-0.22632,-4.2077,-1.7684,-12.78,-0.08818,-14.328
3.9,-0.67011,0.046297,0.093227,-0.73726,-0.063305,-0.018364,0.063406,0.56685,10.62,-0.244,-3.5395,-0.14407,-13.28,-0.50887,-13.457,-0.65261,0.052018,0.085293,-0.71818,-0.051459,-0.016179,0.051528,0.2578,8.1893,-0.13548,-5.1486,0.46343,-12.53,-2.0405,-14.93
4,-0.65245,0.063534,0.086066,-0.74948,-0.055536,-0.018956,0.060471,0.87349,9.7275,-0.71291,-6.6186,-1.8543,-12.831,-2.4163,-13.986,-0.65899,0.033819,0.093198,-0.74524,-0.059931,-0.015963,0.063498,0.72379,11.17,-1.2733,-4.3028,-0.98515,-11.903,-1.2724,-12.438
4.1,-0.65416,0.063051,0.09373,-0.72837,-0.053237,-0.011148,0.058202,1.2389,11.812,-1.1758,-4.3867,-1.1769,-12.526,-3.5312,-15.649,-0.65947,0.056725,0.086509,-0.74292,-0.059004,-0.017402,0.053963,0.49846,10.596,-0.51883,-3.544,-0.71157,-11.77,-1.4359,-14.644
4.2,-0.66769,0.049652,0.078488,-0.74067,-0.05936,-0.0092746,0.053792,0.49512,10.726,-0.052959,-4.6973,-0.13651,-11.472,-1.4226,-13.362,-0.65448,0.063434,0.084122,-0.74303,-0.058119,-0.0062115,0.06677,-0.402,12.209,0.36783,-4.4596,-0.24637,-12.538,-1.6913,-14.746
4.3,-0.66907,0.050195,0.11351,-0.74936,-0.05494,-0.011758,0.06342,0.21944,11.45,0.37572,-5.2473,0.96122,-12.101,0.11444,-15.261,-0.66929,0.061916,0.095637,-0.74621,-0.059352,-0.019562,0.055837,1.4637,10.577,-0.51374,-4.6429,-0.60905,-13.386,0.68207,-16.31
4.4,-0.64098,0.055483,0.076452,-0.74514,-0.06433,-0.016564,0.062724,-0.66185,12.031,-0.66783,-6.1264,-0.34615,-14.406,-1.0523,-15.982,-0.64191,0.040104,0.08867,-0.75986,-0.050783,-0.017656,0.061629,0.83469,12.815,0.4793,-5.0169,0.33951,-12.499,-0.92093,-17.036
4.5,-0.63938,0.062942,0.069547,-0.7409,-0.069215,-0.006232,0.050882,0.46283,10.416,-1.4514,-6.1815,-0.18315,-15.948,-1.8905,-17.109,-0.64548,0.049069,0.092906,-0.75765,-0.065752,-0.01553,0.068369,-0.67644,11.213,-1.2414,-6.5078,-0.84956,-12.944,-2.1151,-16.372
4.6,-0.65028,0.064502,0.074614,-0.73679,-0.062794,-0.018366,0.069174,2.1846,12.629,0.50768,-5.1216,1.0084,-12.802,1.3319,-17.466,-0.6523,0.062235,0.074164,-0.74741,-0.075456,-0.0093827,0.067995,-0.093954,12.57,-1.6473,-6.5593,-0.22205,-11.002,-1.9173,-17.583
4.7,-0.64288,0.053972,0.088006,-0.75863,-0.074368,-0.0044221,0.065119,1.488,11.872,-0.52373,-5.4464,-0.70883,-14.424,-2.0183,-16.818,-0.65325,0.082896,0.066954,-0.7569,-0.065979,-0.016968,0.06026,1.1415,12.279,-1.8048,-5.8374,2.1781,-13.271,-0.60373,-18.606
4.8,-0.62523,0.075744,0.080179,-0.7543,-0.073523,-0.015789,0.056649,-0.45782,12.445,-1.2557,-7.4032,0.53118,-11.884,-1.6576,-16.667,-0.64439,0.062245,0.071189,-0.78311,-0.0702,-0.0084242,0.062627,0.19413,13.217,-0.50214,-7.6095,-0.66396,-13.466,-0.33704,-17.681
4.9,-0.65185,0.062331,0.055669,-0.76089,-0.070378,-0.018267,0.073368,1.2079,13.388,0.034301,-7.0162,-0.77294,-13.112,-3.4144,-17.048,-0.62636,0.06624,0.077934,-0.75577,-0.08024,-0.013111,0.061819,1.3622,13.399,-2.9623,-5.937,0.92423,-14.274,-1.5435,-17.318
5,-0.64144,0.081352,0.087583,-0.76452,-0.07236,-0.0070175,0.067163,1.745,12.935,-0.16867,-6.7375,-1.1902,-14.008,-2.3075,-18.831,-0.63451,0.080119,0.092664,-0.77158,-0.072703,-0.015007,0.072641,0.56836,13.489,-0.51921,-6.9266,0.038149,-11.89,-1.8029,-17.29
5.1,-0.63333,0.070458,0.079233,-0.75983,-0.081219,-0.013411,0.065915,1.0823,13.361,-1.0184,-9.0934,-0.097084,-13.474,0.75625,-21.028,-0.6463,0.071453,0.061337,-0.76299,-0.069074,-0.0067697,0.057979,1.5348,13.738,-1.3339,-7.3009,-0.073941,-12.63,-1.449,-19.606
5.2,-0.63313,0.098394,0.076996,-0.75385,-0.076586,-0.0076289,0.077609,0.94414,14.28,-0.8107,-7.5895,0.58053,-13.851,-1.6353,-20.463,-0.62138,0.075656,0.072572,-0.75799,-0.077664,-0.012618,0.064862,1.5768,12.98,-2.0513,-7.2781,0.52158,-15.705,-1.4192,-18.899
5.3,-0.63434,0.076064,0.075587,-0.77762,-0.07198,-0.015296,0.070712,0.76203,12.911,0.20598,-8.2313,-1.4741,-14.77,-0.95623,-18.382,-0.62999,0.076047,0.075673,-0.7597,-0.083548,-0.011094,0.062114,-0.21016,13.225,-1.2322,-9.7293,-1.2215,-14.189,-1.0342,-19.363
5.4,-0.61669,0.092143,0.053043,-0.77046,-0.070481,-0.012902,0.071996,0.0095418,15.828,0.39332,-8.8292,0.22512,-14.957,-1.4753,-18.927,-0.61201,0.083464,0.07462,-0.79281,-0.07695,-0.0081507,0.072653,1.2724,13.94,-0.1467,-8.5645,-1.9513,-15.378,-1.5025,-19.647
5.5,-0.6233,0.075114,0.074208,-0.77348,-0.081406,-0.013004,0.071657,1.5059,14.683,-2.2735,-9.0315,1.3975,-13.885,-0.19248,-18.007,-0.6106,0.096708,0.080989,-0.76941,-0.080948,-0.017967,0.066934,2.3956,15.59,-0.78389,-9.1486,-1.3061,-16.081,-1.5311,-21.471
5.6,-0.61106,0.069585,0.056762,-0.7838,-0.074951,-0.0063275,0.066688,-0.01255,13.575,-3.0645,-10.152,-0.25382,-14.93,-0.35557,-19.95,-0.61535,0.077835,0.076945,-0.77388,-0.083446,-0.018884,0.073954,-0.053509,15.48,-2.5674,-9.7718,1.0739,-14.49,-1.7089,-20.444
5.7,-0.60575,0.09649,0.054209,-0.77396,-0.082843,-0.0045358,0.07419,1.1287,14.679,0.28157,-9.1088,-1.0495,-15.656,-0.39747,-20.194,-0.60546,0.086676,0.066026,-0.78934,-0.088796,-0.01753,0.059155,1.601,14.02,-2.8821,-8.1095,1.4202,-15.304,-1.4364,-19.156
5.8,-0.6011,0.079284,0.060769,-0.78644,-0.078856,-0.0053323,0.071644,0.12084,15.46,0.50193,-8.7379,0.32912,-12.539,0.40498,-20.544,-0.62439,0.091171,0.04702,-0.78809,-0.079096,-0.013967,0.073436,0.70978,16.981,-0.001602,-10.047,0.81194,-13.19,-0.28158,-21.829
5.9,-0.6189,0.10291,0.036085,-0.7713,-0.089915,-0.0082483,0.070777,-0.23398,16.777,-0.51771,-11.415,-0.98217,-13.772,-1.9235,-21.755,-0.58304,0.090345,0.060446,-0.78627,-0.082782,-0.01261,0.075973,0.82867,15.135,-2.9183,-10.476,0.53349,-13.602,-2.2452,-21.22
6,-0.59602,0.08737,0.065224,-0.80705,-0.084303,-0.017839,0.086018,0.016805,16.091,0.1482,-8.948,-1.3909,-14.072,-1.6443,-20.929,-0.58384,0.098168,0.071882,-0.80209,-0.092014,-0.0071049,0.074649,1.1393,15.411,-1.8899,-12.004,1.2475,-13.89,-1.171,-22.265
6.1,-0.60675,0.097057,0.055035,-0.78137,-0.091575,-0.0012523,0.080914,-0.08728,16.662,-1.6068,-12.483,0.34514,-13.6,0.7764,-23.004,-0.59001,0.10179,0.049176,-0.79054,-0.083651,-0.011226,0.080706,2.5158,15.216,-2.4141,-10.372,-0.12776,-12.849,-2.4745,-22.623
6.2,-0.58517,0.089331,0.059107,-0.79671,-0.091638,-0.0035921,0.069613,0.39591,15.678,-0.57663,-12.388,-2.2761,-14.796,-1.1826,-23.689,-0.59005,0.092603,0.056061,-0.78089,-0.089307,-0.013233,0.080364,0.77392,14.536,-0.52308,-11.635,0.32325,-13.332,0.49715,-25.26
6.3,-0.5666,0.10471,0.040371,-0.7956,-0.091389,-0.001797,0.076706,-0.42769,17.51,-1.2305,-11.876,0.32139,-11.825,-2.0436,-21.709,-0.59054,0.091902,0.026692,-0.78801,-0.092035,-0.015815,0.08018,2.9002,16.052,-1.883,-11.402,-0.4926,-14.675,-0.64488,-24.856
6.4,-0.579,0.10713,0.0417,-0.80225,-0.093724,-0.011248,0.069774,0.11673,15.563,-1.4468,-14.699,-0.64037,-14.589,-1.5918,-22.599,-0.56937,0.09278,0.035408,-0.79453,-0.096322,-0.003957,0.077739,-1.7037,17.67,-2.0483,-14.085,0.1959,-11.847,-1.9151,-23.687
6.5,-0.57682,0.10989,0.041047,-0.79242,-0.10228,-0.011534,0.074239,0.60356,16.524,-1.8202,-13.194,0.17321,-16.604,-0.60557,-23.397,-0.57237,0.11906,0.024081,-0.7879,-0.085639,-0.013495,0.070659,0.073887,16.682,0.072585,-11.857,-0.35718,-13.855,-1.1979,-25.482
6.6,-0.58595,0.11162,0.048673,-0.82597,-0.091574,-0.0029711,0.073718,1.2572,18.63,-1.1984,-13.556,1.2934,-13.123,-0.029802,-25.339,-0.56481,0.11364,0.055517,-0.83835,-0.094189,-0.0034339,0.07596,1.7589,17.668,-1.5642,-13.206,1.1343,-12.566,-2.1153,-22.708
6.7,-0.57517,0.1202,0.049163,-0.79618,-0.086362,0.0034549,0.084171,0.66616,16.798,1.0067,-13.05,-0.27754,-14.204,-0.43307,-23.675,-0.56675,0.1087,0.046812,-0.8076,-0.090585,-0.0061399,0.078015,0.60512,15.572,-0.75116,-12.384,-0.20807,-13.109,-1.4071,-25.34
6.8,-0.57744,0.10554,0.036785,-0.80764,-0.092197,-0.012847,0.082007,1.4639,18.713,-0.74192,-15.276,-0.51876,-13.096,-0.9166,-24.959,-0.56127,0.12893,0.039893,-0.81873,-0.10011,-0.0085343,0.081859,0.12219,17.747,-0.19222,-12.442,0.72274,-13.668,-2.8994,-27.772
6.9,-0.56698,0.12688,0.048237,-0.81754,-0.098611,-0.013654,0.072565,0.33645,18.148,-1.6707,-12.396,-0.93668,-13.304,-2.0642,-23.602,-0.54739,0.1092,0.034614,-0.82415,-0.096899,-0.006021,0.074268,0.44669,19.866,-0.65057,-14.534,-1.736,-13.123,-1.3335,-25.288
7,-0.55016,0.10721,0.037851,-0.81429,-0.088992,-0.001734,0.081029,-0.12134,18.324,-2.3151,-15.519,-0.17938,-11.573,-0.90191,-23.819,-0.55674,0.11925,0.043754,-0.82969,-0.10128,-0.0097,0.079287,0.56447,17.118,-0.55239,-13.709,-0.27098,-11.857,-1.9951,-26.301
7.1,-0.53771,0.12998,0.038207,-0.83427,-0.10019,-0.0075396,0.073468,0.87623,19.375,-1.7121,-14.695,0.52052,-13.847,-2.1208,-26.596,-0.54584,0.11993,0.020782,-0.826,-0.10393,-0.0041627,0.079018,0.26701,17.914,-1.0832,-14.436,0.78997,-13.113,-1.0129,-25.821
7.2,-0.55039,0.1159,0.026098,-0.82311,-0.10333,-0.010901,0.087013,0.92516,19.432,-2.4911,-14.85,0.54714,-12.528,-1.4583,-26.278,-0.54777,0.10885,0.03843,-0.83579,-0.099707,-0.014602,0.07795,0.16202,18.444,0.18881,-18.2,1.8704,-11.567,-2.3857,-27.885
7.3,-0.53574,0.14105,0.0133,-0.83653,-0.10884,-0.019607,0.089235,-0.43375,19.458,-0.34511,-14.028,-0.11145,-11.679,-1.5896,-27.634,-0.55897,0.12738,0.03334,-0.84983,-0.11717,-0.012973,0.083719,0.65069,19.755,-0.95702,-15.753,0.33875,-13.351,-0.96651,-27.746
7.4,-0.52451,0.11478,0.026279,-0.82804,-0.10697,0.0016024,0.07925,0.60813,18.481,-1.3472,-16.943,2.4092,-11.91,-0.55984,-28.754,-0.54385,0.14433,0.010015,-0.82562,-0.10876,-0.00035134,0.080494,-0.10247,20.549,-1.7914,-16.939,0.92312,-11.791,-0.15199,-26.639
7.5,-0.53254,0.12381,0.025115,-0.82867,-0.10752,-0.0053836,0.07782,0.58354,18.547,-1.4051,-16.906,1.1508,-12.889,-1.8062,-27.76,-0.53103,0.1458,0.01081,-0.83829,-0.11346,-0.005461,0.076676,-0.95162,20.146,-1.7749,-17.534,2.0631,-12.108,-2.0978,-29.503
7.6,-0.52713,0.13767,0.00773,-0.83605,-0.12059,-0.0071911,0.091244,0.76414,20.627,-0.33913,-16.278,-0.35215,-11.95,-1.9464,-27.583,-0.53948,0.15205,0.028055,-0.83057,-0.10595,-0.0047633,0.08071,1.8628,20.904,-1.807,-17.615,1.9934,-10.813,-2.8759,-30.081
7.7,-0.53072,0.14021,0.0042015,-0.84133,-0.114,0.0038659,0.072169,-0.059527,20.673,-0.98488,-18.574,0.48658,-10.127,-0.8733,-27.869,-0.54254,0.13905,0.015996,-0.8472,-0.10836,0.0014823,0.087136,1.1838,19.776,-0.30834,-17.633,1.2021,-11.373,-1.5933,-29.889
7.8,-0.5214,0.13106,0.026791,-0.85415,-0.12173,0.003455,0.077745,0.67238,20.02,-1.8312,-18.072,0.94571,-11.053,-0.69988,-28.558,-0.53787,0.14956,0.012467,-0.84268,-0.10368,-0.013774,0.083234,1.5406,20.649,-0.34903,-17.231,-0.3783,-11.296,-1.2663,-27.959
7.9,-0.51118,0.13333,0.0084243,-0.83169,-0.11266,-0.010211,0.078719,-1.2088,20.486,-1.3107,-17.422,1.6059,-11.663,-0.96644,-29.42,-0.51837,0.1432,0.0089337,-0.83211,-0.11952,-0.0089357,0.080543,1.0175,20.438,-1.5152,-17.655,0.70751,-10.973,-2.2284,-30.754
8,-0.51671,0.15382,0.0050884,-0.84093,-0.11802,-0.00013292,0.07375,1.3272,20.546,-0.49489,-16.494,0.85959,-10.753,-1.0522,-31.413,-0.52098,0.144,0.011861,-0.85691,-0.11107,-0.0025504,0.079565,0.85069,21.596,-0.51042,-17.345,0.20443,-8.3508,-1.7865,-30.656
8.1,-0.5191,0.14582,0.010359,-0.84719,-0.11508,-0.0078638,0.079034,0.77309,21.235,-2.8494,-17.902,0.99615,-8.1368,-2.849,-30.996,-0.49644,0.13383,0.0073675,-0.84587,-0.11901,-0.0078339,0.094173,2.7901,21.131,0.22834,-18.566,0.2826,-8.1218,-0.32135,-29.596
8.2,-0.49478,0.13869,0.01502,-0.85428,-0.12348,-0.005055,0.079488,1.7487,21.412,-2.0475,-19.401,1.1198,-9.288,-2.9235,-30.343,-0.51496,0.14946,0.0058762,-0.86966,-0.11835,0.00062274,0.080826,0.45684,21.305,-0.83482,-18.484,0.88443,-9.3981,0.18957,-30.929
8.3,-0.47698,0.14846,-0.0023561,-0.84548,-0.12457,0.0018215,0.08128,-0.07079,21.86,-2.6009,-20.984,1.8577,-9.9883,-1.8418,-30.511,-0.50042,0.12488,-0.0013181,-0.86601,-0.13489,-0.0026937,0.075982,-1.3728,21.812,-0.65215,-20.827,0.99917,-10.585,0.52077,-30.935
8.4,-0.49681,0.16436,-0.0089288,-0.85542,-0.12973,0.0047402,0.074803,-0.49489,23.315,-1.3118,-19.206,-0.15121,-8.0215,-2.7093,-32.29,-0.48795,0.1598,0.0022708,-0.84773,-0.12669,-0.011477,0.075418,1.4118,20.29,-0.28266,-20.175,1.1633,-8.7758,-0.47824,-32.281
8.5,-0.4827,0.14655,-0.01514,-0.86896,-0.13342,-0.0056975,0.082211,0.32903,21.099,-2.4847,-19.485,0.75075,-7.9634,-0.69959,-32.303,-0.48032,0.15554,0.0030046,-0.85728,-0.12796,-0.017287,0.06958,1.1145,21.712,-1.735,-21.208,-0.29001,-7.229,-0.36349,-31.808
8.6,-0.4658,0.16398,-0.014475,-0.88868,-0.12001,-0.00089279,0.077437,1.1186,22.437,-1.4086,-19.654,-0.35695,-9.6341,-0.44242,-33.445,-0.47836,0.13918,-0.01546,-0.86782,-0.11929,-0.004032,0.083673,0.25535,21.972,-0.90133,-20.765,0.55341,-9.0202,0.16844,-33.331
8.7,-0.44299,0.15725,-0.016349,-0.86236,-0.1305,0.0042293,0.073616,0.57075,22.743,-0.69218,-22.756,1.4649,-8.2939,0.01351,-30.851,-0.46034,0.15426,-0.00089934,-0.86991,-0.13919,-0.0069565,0.075993,-1.0729,21.638,-0.64391,-22.524,1.3286,-9.2642,-0.032396,-30.937
8.8,-0.4748,0.14319,-0.0093652,-0.86925,-0.13016,0.003085,0.072192,-0.23845,22.289,-0.86323,-22.11,2.7726,-7.933,-0.89411,-33.955,-0.45135,0.15114,-0.00091487,-0.867,-0.11907,0.0014763,0.068877,-0.022839,22.017,0.093982,-21.138,1.2295,-7.0968,-0.39869,-33.106
8.9,-0.44622,0.14936,-0.013637,-0.85726,-0.12323,-0.0014914,0.078247,1.532,22.465,-1.6624,-23.791,0.90384,-8.1423,0.085416,-34.276,-0.45381,0.164,-0.04031,-0.87675,-0.13325,-0.0032061,0.077023,0.82498,21.453,-0.2454,-21.652,-0.24486,-6.9639,-1.1161,-34.348
9,-0.4472,0.16417,-0.010111,-0.87927,-0.13693,0.0083943,0.083548,2.4598,21.778,-2.1886,-21.959,0.10004,-8.0098,0.32321,-32.669,-0.45934,0.17901,0.00083707,-0.8879,-0.13203,-0.0026741,0.083977,0.71762,22.674,-1.4018,-21.158,0.54369,-6.3204,-1.5678,-32.116
9.1,-0.44038,0.17568,-0.0088152,-0.87517,-0.13243,-0.0099466,0.069186,0.066403,23.924,-2.8301,-22.609,-0.21673,-8.1065,-0.37918,-32.155,-0.44191,0.16839,-0.018664,-0.8752,-0.12016,0.001466,0.073454,-0.35995,22.092,-1.357,-23.555,1.9218,-6.4534,-0.69498,-34.664
9.2,-0.44449,0.16599,-0.024786,-0.8718,-0.11624,0.0035968,0.083258,2.1054,23,-1.7916,-23.502,-0.81745,-7.1248,-1.3729,-32.024,-0.43809,0.17699,-0.030389,-0.88211,-0.13479,-0.0066122,0.079259,0.20078,23.147,-1.3421,-24.168,1.2475,-6.6659,-1.0471,-34.452
9.3,-0.432,0.14957,-0.023066,-0.86305,-0.13853,0.0057138,0.071929,0.56503,21.441,-1.1915,-23.042,1.6055,-7.0375,-2.4745,-33.349,-0.42529,0.15095,-0.021723,-0.89623,-0.13718,1.711e-05,0.078121,1.4867,24.639,-1.3793,-24.43,2.2051,-5.4753,-1.4254,-33.117
9.4,-0.43137,0.18016,-0.030088,-0.88025,-0.13071,0.0018521,0.075655,1.2343,23.722,-1.6278,-23.996,0.24787,-6.0659,-0.24912,-33.892,-0.41382,0.1464,-0.031061,-0.9033,-0.12954,0.0069446,0.070175,0.56778,23.429,-1.0877,-23.476,-0.43009,-4.4358,0.96535,-34.396
9.5,-0.42007,0.17297,-0.023391,-0.8988,-0.13595,0.0056414,0.064431,2.2672,22.552,-2.8985,-24.821,0.85091,-6.6545,-0.95127,-33.17,-0.43426,0.1612,-0.016333,-0.89583,-0.1261,-0.010027,0.067904,0.13431,24.773,-1.6475,-24.007,2.0175,-6.9529,0.18653,-33.104
9.6,-0.40972,0.16946,-0.016848,-0.91397,-0.12808,0.00027237,0.07578,1.2924,23.51,-0.83158,-25.025,3.0754,-5.5912,0.47179,-33.408,-0.40544,0.17998,-0.038798,-0.90106,-0.13215,0.0011239,0.071292,2.971,24.073,0.39806,-24.607,-0.40312,-5.2682,1.5375,-32.309
9.7,-0.38552,0.17288,-0.033644,-0.9127,-0.14177,0.004164,0.072134,1.0199,26.103,-1.755,-24.529,0.98634,-4.5296,-1.138,-32.795,-0.39633,0.1809,-0.02924,-0.88726,-0.13109,-0.0057496,0.069628,1.1701,23.524,-2.0413,-26.046,1.218,-5.158,-0.1441,-33.353
9.8,-0.4036,0.17178,-0.052758,-0.90013,-0.137,0.00026565,0.07536,-0.62044,26.039,-0.7898,-27.336,2.1983,-5.8332,0.38264,-32.919,-0.39434,0.17793,-0.025016,-0.89468,-0.13714,0.0083752,0.076981,0.8718,24.814,-1.3531,-26.092,2.177,-3.4403,1.256,-34.701
9.9,-0.38154,0.16944,-0.044726,-0.90279,-0.14132,0.010998,0.070893,2.5077,27.144,-1.8186,-24.238,0.95984,-4.3743,-0.46933,-33.834,-0.38786,0.17653,-0.039377,-0.89864,-0.1392,0.0016943,0.074527,2.1677,24.179,-0.52191,-26.684,1.0847,-5.209,1.0435,-32.533
10,-0.37705,0.198,-0.032087,-0.89518,-0.13878,0.0049205,0.066151,-0.40013,24.461,-0.93377,-26.112,1.0581,-2.0745,1.1319,-34.908,-0.38137,0.17711,-0.029031,-0.8857,-0.14148,0.0041817,0.074281,1.038,26.048,-2.5722,-26.399,0.51077,-2.249,-0.10578,-31.905
10.1,-0.37483,0.1841,-0.054946,-0.90728,-0.14655,-0.00083583,0.068524,0.39066,26.523,-0.98598,-27.924,1.1316,-3.8823,-0.56669,-34.557,-0.38409,0.18489,-0.04353,-0.90497,-0.13662,-0.0030488,0.072244,1.3963,24.978,-1.4553,-26.094,0.96571,-1.5727,-0.16716,-33.561
10.2,-0.36786,0.18351,-0.043243,-0.93743,-0.13705,0.0010202,0.061755,0.57479,26.335,-2.2723,-27.541,0.42686,-3.009,0.29343,-33.198,-0.37808,0.16491,-0.042608,-0.90072,-0.14792,0.012108,0.06477,-0.21635,27.751,-1.5399,-24.866,1.3463,-2.1764,0.97015,-34.966
10.3,-0.37151,0.17913,-0.041793,-0.91797,-0.14285,0.0054817,0.062682,1.6734,24.165,-1.1348,-27.853,1.7762,-3.8375,1.8725,-32.554,-0.34758,0.18685,-0.043989,-0.8982,-0.1404,0.0047944,0.067053,0.12511,25.413,-0.85466,-29.531,1.7471,-2.4562,1.1457,-33.067
10.4,-0.36233,0.1771,-0.042377,-0.91259,-0.13583,0.010307,0.067832,1.2752,25.706,-0.45581,-27.771,2.0318,-2.7311,0.33277,-32.495,-0.34993,0.20017,-0.043271,-0.9421,-0.12595,0.013089,0.067175,-0.76595,26.405,-0.92817,-27.408,0.97873,-2.0925,-0.16408,-32.43
10.5,-0.35341,0.18322,-0.054702,-0.92,-0.14832,0.015167,0.068276,0.86118,25.841,-1.3161,-27.112,-1.1978,-3.7712,-2.012,-32.632,-0.3454,0.1997,-0.052136,-0.91319,-0.14176,0.017183,0.056421,0.52517,26.007,0.61284,-26.709,2.7798,-1.6178,0.35419,-30.8
10.6,-0.3357,0.17227,-0.044886,-0.91221,-0.13783,0.013655,0.064193,1.1808,25.517,-2.1775,-29.074,0.53004,-2.4682,0.53306,-30.379,-0.34534,0.17233,-0.066297,-0.93932,-0.14118,0.011584,0.06631,0.7537,27.025,-1.7639,-27.202,1.9943,-1.0283,-0.018102,-32.348
10.7,-0.32914,0.18275,-0.042746,-0.9179,-0.13914,0.014934,0.064999,-0.29296,26.539,-1.5444,-28.189,-0.16469,-3.6591,1.8656,-29.123,-0.33208,0.1779,-0.063951,-0.9221,-0.14121,0.012181,0.05879,-0.46864,24.867,-1.7439,-29.337,1.8802,-2.3756,2.463,-31.721
10.8,-0.34329,0.17005,-0.053839,-0.9212,-0.13552,0.02025,0.059149,0.33279,27.964,-1.0668,-28.732,1.3809,-2.1629,1.7141,-30.813,-0.30966,0.17493,-0.060784,-0.91333,-0.14907,0.019371,0.056981,0.048025,24.203,0.0043288,-30.616,1.5754,-1.3279,0.036054,-30.689
10.9,-0.32925,0.17744,-0.045014,-0.94049,-0.14445,0.022674,0.054691,-0.0090383,29.505,-1.5439,-29.874,0.62745,-2.0106,0.60566,-28.524,-0.30964,0.19296,-0.070665,-0.92696,-0.13516,0.019479,0.062388,0.64117,26.987,-0.7365,-30.655,1.1497,-2.0149,0.70292,-30.523
11,-0.31928,0.20271,-0.057185,-0.92592,-0.13403,0.010521,0.048616,1.7851,26.976,0.50823,-30.94,2.469,0.31677,-0.19001,-30.304,-0.31398,0.18181,-0.038083,-0.94036,-0.14271,0.02434,0.049745,0.89889,27.197,0.35078,-31.413,1.1303,-0.55548,0.37171,-30.646
11.1,-0.30398,0.19466,-0.065575,-0.93031,-0.14007,0.015053,0.050408,0.24428,27.994,-2.282,-31.603,0.65303,-0.79238,-0.23273,-31.556,-0.30068,0.19985,-0.05689,-0.95618,-0.13396,0.026942,0.056687,0.9905,27.701,-1.0004,-30.264,1.5247,-0.50458,0.43775,-29.899
11.2,-0.29604,0.17841,-0.05499,-0.94021,-0.14737,0.019561,0.053157,-1.1495,27.041,-2.6437,-31.307,1.8751,-0.73956,0.2516,-30.547,-0.28917,0.18663,-0.06252,-0.92818,-0.13231,0.027511,0.055692,1.4908,27.938,-2.7211,-30.357,2.0075,-1.8213,0.31749,-30.124
11.3,-0.30448,0.18777,-0.076527,-0.94685,-0.13927,0.029965,0.058844,0.46395,27.602,-3.5643,-29.912,-0.8731,-0.31694,3.6562,-29.022,-0.2874,0.18609,-0.064606,-0.93204,-0.1424,0.025902,0.056445,1.8625,28.796,-1.5975,-33.346,-0.11587,0.41502,1.0464,-31.821
11.4,-0.27858,0.18897,-0.076853,-0.94271,-0.13849,0.027214,0.053586,-0.84463,28.139,-2.4369,-31.784,2.2991,-0.8632,0.29884,-30.251,-0.28248,0.20181,-0.057379,-0.94538,-0.13563,0.027703,0.044613,-0.81171,28.801,-1.2144,-32.722,-0.66967,-0.17877,-0.71259,-30.616
11.5,-0.28511,0.18579,-0.051052,-0.94956,-0.13462,0.022383,0.062942,-0.84893,28.042,-2.243,-31.341,-0.011859,0.43304,-0.57307,-28.698,-0.28353,0.18683,-0.070354,-0.94741,-0.14559,0.012415,0.049406,2.2911,28.103,-0.03911,-31.845,1.806,2.663,0.73491,-27.652
11.6,-0.28307,0.20105,-0.066791,-0.92833,-0.14118,0.033339,0.05157,0.14828,29.325,-0.95242,-33.264,1.9792,1.2414,-0.17771,-30.454,-0.26968,0.22376,-0.055526,-0.9525,-0.14055,0.022007,0.055061,0.45023,29.024,-0.77545,-32.541,1.1411,0.90595,-0.13087,-28.215
11.7,-0.2569,0.19564,-0.057077,-0.94233,-0.14005,0.039331,0.037302,-0.34255,29.06,0.77391,-33.794,2.0232,2.7651,3.4389,-29.225,-0.26724,0.18708,-0.068213,-0.94347,-0.14031,0.019689,0.042898,1.4439,30.508,-1.6117,-33.494,0.92325,0.099553,2.5047,-26.797
11.8,-0.25644,0.19006,-0.065644,-0.94097,-0.14436,0.027361,0.043505,2.1509,29.946,-1.0562,-33.654,2.7809,2.4178,0.48869,-27.343,-0.26462,0.19267,-0.04769,-0.96529,-0.1472,0.024817,0.034095,2.2959,28.717,-2.0863,-33.808,0.86799,1.7535,-0.044226,-28.919
11.9,-0.23617,0.19227,-0.053663,-0.94393,-0.14372,0.036313,0.043977,0.61887,28.927,-1.7379,-34.515,0.8608,2.252,-0.24902,-26.716,-0.24966,0.19278,-0.05159,-0.94768,-0.13969,0.033221,0.033489,-0.0026176,29.243,-1.0817,-33.959,0.66866,1.8764,1.6591,-28.751
12,-0.23532,0.19408,-0.070195,-0.95062,-0.13892,0.02699,0.036678,0.071961,29.859,-3.3078,-34.695,1.4447,2.7645,-0.73544,-25.484,-0.2283,0.21042,-0.099043,-0.94965,-0.1309,0.045265,0.040265,0.68305,29.921,0.18667,-32.603,2.2722,2.4628,0.99464,-26.749
12.1,-0.22474,0.16998,-0.090531,-0.96707,-0.14858,0.039285,0.038765,0.65769,28.385,-0.80797,-34.61,1.7946,0.47568,0.78974,-25.271,-0.23384,0.18497,-0.056438,-0.95695,-0.13978,0.032578,0.034822,0.18219,29.785,-1.7422,-34.868,-0.4791,2.9435,1.1418,-27.644
12.2,-0.21179,0.183,-0.084036,-0.95822,-0.14997,0.031988,0.052314,2.9734,30.019,0.89075,-35.147,0.54353,3.3271,1.203,-26.39,-0.23377,0.16776,-0.066112,-0.94879,-0.14566,0.039927,0.032355,0.28741,30.208,-1.6827,-34.759,0.29542,4.181,1.1039,-28.011
12.3,-0.20073,0.17535,-0.062706,-0.94788,-0.145,0.041468,0.046992,-1.0195,29.512,-1.99,-34.783,-0.14638,1.7113,1.1907,-25.88,-0.2217,0.18615,-0.088602,-0.94553,-0.1358,0.0399,0.04443,-1.3717,31.32,-2.7939,-35.762,-0.57681,3.7361,2.7975,-26.103
12.4,-0.21379,0.17502,-0.079099,-0.95779,-0.14845,0.035741,0.038945,-1.5594,29.128,-1.7007,-36.227,1.8089,4.399,-0.46119,-26.956,-0.19802,0.18212,-0.078842,-0.94798,-0.14567,0.053355,0.04512,0.57136,30.911,-1.4417,-35.656,0.77107,2.6818,1.9916,-24.119
12.5,-0.2008,0.19267,-0.059588,-0.96854,-0.14139,0.034715,0.033623,0.8467,32.842,-2.9421,-36.587,1.7924,4.469,-0.036743,-25.744,-0.21152,0.16729,-0.054293,-0.94617,-0.14582,0.046063,0.040728,-0.24407,29.916,-0.10423,-37.139,1.1016,3.9836,2.6458,-26.663
12.6,-0.18876,0.17254,-0.083166,-0.9726,-0.14319,0.030797,0.038524,0.62989,30.625,-1.8488,-37.626,-0.0043269,2.7766,1.6994,-25.649,-0.19833,0.1726,-0.085301,-0.97473,-0.1542,0.037042,0.04711,0.12406,31.35,-1.2926,-36.592,0.20357,5.1336,1.7767,-24.627
12.7,-0.19676,0.18577,-0.058834,-0.96368,-0.14979,0.055402,0.042889,0.60478,31.38,0.096992,-36.867,0.84967,4.6309,-0.21322,-26.291,-0.18667,0.20328,-0.063396,-0.96162,-0.14633,0.040157,0.034657,0.81522,33.547,-0.32757,-36.566,-0.56853,4.1693,-1.0614,-24.732
12.8,-0.19679,0.19035,-0.085964,-0.98216,-0.14008,0.040696,0.042081,0.59219,31.798,-0.79919,-36.143,0.40923,5.1111,0.57544,-24.7,-0.19448,0.18401,-0.083297,-0.95356,-0.14427,0.039627,0.023981,1.6261,32.594,-1.3942,-34.842,1.3905,4.2093,1.2252,-26.002
12.9,-0.17648,0.18029,-0.078765,-0.9525,-0.14067,0.043016,0.043576,0.20184,33.202,-1.7864,-38.294,0.2941,5.5088,1.081,-23.917,-0.18923,0.17619,-0.074375,-0.95856,-0.13975,0.04894,0.035078,0.76165,30.921,-3.7841,-36.37,-0.27719,5.4687,0.26898,-22.705
13,-0.17386,0.16639,-0.094904,-0.97512,-0.14297,0.039409,0.023914,1.5213,30.918,-0.13721,-37.714,0.67746,5.4505,-0.12675,-23.962,-0.17412,0.18548,-0.078949,-0.99069,-0.14255,0.047724,0.029517,0.019897,30.843,-1.7351,-37.708,1.9138,5.4678,0.68641,-26.842
13.1,-0.15883,0.16929,-0.079397,-0.97995,-0.14708,0.050633,0.026953,1.4124,31.798,-0.45061,-38.52,1.6863,8.7063,1.366,-23.442,-0.16288,0.18367,-0.084577,-0.96879,-0.14302,0.043251,0.028577,1.0316,31.482,-2.6746,-39.385,2.2818,6.3825,2.8424,-24.245
13.2,-0.16573,0.16996,-0.083314,-0.96538,-0.13764,0.049569,0.030306,0.49298,31.484,-0.51837,-37.435,0.61701,7.113,1.6944,-24.336,-0.15156,0.17577,-0.094848,-0.96409,-0.14861,0.048228,0.033813,-0.62021,33.324,-1.3551,-39.39,-0.37134,3.9896,0.59607,-22.37
13.3,-0.12492,0.18461,-0.093036,-0.9703,-0.1498,0.053626,0.033497,1.103,33.169,-2.1286,-41.542,1.5159,5.6609,1.0246,-23.605,-0.12454,0.1611,-0.090581,-0.96043,-0.14474,0.054247,0.032177,-0.56322,34.022,0.066388,-39.106,1.0568,6.3163,0.7141,-23.072
13.4,-0.13035,0.16313,-0.081153,-0.97959,-0.1477,0.045374,0.022275,1.0707,33.244,-1.7634,-40.246,0.36802,5.293,0.30676,-22.113,-0.12012,0.1777,-0.084365,-0.96788,-0.14028,0.06113,0.030434,0.39565,32.048,-1.0648,-39.483,-0.26095,5.1226,1.3824,-23.89
13.5,-0.12891,0.16657,-0.062985,-0.96716,-0.14014,0.058856,0.027447,0.146,30.481,-2.4072,-42.284,0.55313,6.8009,0.28573,-20.734,-0.14881,0.1769,-0.072007,-0.97058,-0.13844,0.047153,0.032304,-1.3939,31.669,1.5904,-40.595,0.73682,7.151,0.085673,-21.718
13.6,-0.11732,0.16803,-0.075977,-0.97426,-0.13941,0.059417,0.02209,-0.62057,33.65,-0.60449,-39.985,-0.051787,7.0701,1.1632,-22.099,-0.11927,0.15498,-0.072809,-0.97671,-0.14849,0.053767,0.022621,-0.39051,32.571,-0.81344,-39.703,-0.4095,5.2114,-0.47874,-22.266
13.7,-0.11182,0.17201,-0.074965,-0.97361,-0.13646,0.06139,0.023395,-1.76,32.263,-2.4415,-41.687,1.3922,5.856,1.0951,-21.881,-0.12685,0.15683,-0.08574,-0.9944,-0.13407,0.052704,0.016432,-0.62936,31.287,-2.3869,-39.243,0.50594,6.1219,1.6791,-21.132
13.8,-0.1007,0.16444,-0.087151,-0.97223,-0.15311,0.055899,0.022378,-1.1642,30.194,-1.7129,-41.313,2.4851,5.9844,0.32664,-21.789,-0.10715,0.16886,-0.076744,-0.96699,-0.14617,0.054131,0.023356,-0.92587,30.741,0.016706,-42.328,2.9019,8.7325,-1.0632,-21.653
13.9,-0.099741,0.16177,-0.083601,-0.95749,-0.13593,0.061943,0.017215,-0.39562,30.857,-1.7046,-42.724,1.6248,6.6441,-0.63872,-20.703,-0.098255,0.15861,-0.078905,-0.96628,-0.13249,0.058637,0.01879,-0.25502,30.828,-2.7756,-42.931,0.27236,8.4278,0.49973,-21.922
14,-0.10419,0.16559,-0.065003,-0.99634,-0.14093,0.059382,0.012532,-0.36138,30.735,-1.0231,-41.94,1.2183,8.1303,-0.13153,-22.718,-0.089106,0.15316,-0.070043,-0.97185,-0.13304,0.061882,0.017878,1.4441,29.596,-1.2425,-41.032,1.0895,6.897,-1.2383,-21.609
14.1,-0.081637,0.16471,-0.094019,-0.97769,-0.12814,0.064195,0.020856,-0.34101,30.868,-1.2791,-42.542,0.52453,10.278,2.0855,-19.815,-0.06718,0.14958,-0.081482,-0.98224,-0.13259,0.063304,0.015451,-1.4375,31.499,-1.1127,-41.971,1.2616,9.1065,2.4612,-22.444
14.2,-0.085217,0.13941,-0.098796,-0.98567,-0.13888,0.064072,0.020851,-0.87529,30.074,-1.4279,-43.917,2.082,6.2589,-0.13963,-19.62,-0.081303,0.15815,-0.072723,-0.99543,-0.12856,0.062527,0.01077,-0.71246,30.325,-2.6464,-41.889,2.0749,9.1283,0.45575,-20.59
14.3,-0.071302,0.14679,-0.098895,-0.9819,-0.13197,0.063095,0.0046478,-1.0611,29.606,-0.43251,-45.379,-0.47361,8.7618,0.086718,-19.126,-0.082231,0.1516,-0.0947,-1.0044,-0.11453,0.066099,0.019753,0.10763,29.114,-1.644,-42.009,1.949,7.6246,-0.7332,-18.065
14.4,-0.06267,0.15861,-0.074149,-0.97875,-0.11958,0.065324,0.014671,-2.1604,29.071,0.11333,-43.69,1.8287,8.6643,0.8002,-20.049,-0.06259,0.13122,-0.088732,-0.98454,-0.12446,0.074425,0.02095,-1.0484,28.039,-1.428,-42.735,1.3816,10.136,2.5243,-18.249
14.5,-0.06884,0.15195,-0.081886,-0.98571,-0.11314,0.068112,0.0068494,-0.94294,28.601,-1.0178,-44.379,1.0556,10.14,1.0486,-19.239,-0.066805,0.14853,-0.074705,-0.98253,-0.1214,0.059643,0.0081511,-1.3013,28.208,-1.6406,-43.01,0.88013,8.822,1.8388,-18.958
14.6,-0.046828,0.15875,-0.068718,-0.99526,-0.1176,0.06459,0.016433,-0.82341,27.138,-1.6482,-43.31,1.3997,9.0502,-0.88679,-21.116,-0.052656,0.14347,-0.078341,-0.97263,-0.12236,0.062513,0.012042,-0.29999,26.839,-3.0332,-43.988,1.5205,10.776,0.41087,-19.178
14.7,-0.049729,0.135,-0.070501,-0.98279,-0.12118,0.069152,0.0018132,-0.75906,26.538,-1.4533,-43.573,1.4689,9.1305,1.6983,-19.13,-0.046561,0.13889,-0.066649,-0.97238,-0.12145,0.065324,0.011422,-1.2134,25.874,-0.77602,-44.325,1.3492,9.803,1.8231,-19.715
14.8,-0.031088,0.13701,-0.077723,-0.97738,-0.11966,0.069795,0.007246,-1.2042,27.357,-0.61067,-47.096,1.1792,10.042,1.6946,-17.974,-0.035401,0.14548,-0.093195,-0.98199,-0.11477,0.066609,0.007793,-0.35435,27.993,-0.38966,-47.571,-1.3312,10.189,0.99979,-18.28
14.9,-0.028596,0.11998,-0.070261,-0.98032,-0.11116,0.066928,0.010214,-0.73564,26.785,-0.036668,-44.46,0.76393,9.5045,2.6607,-17.083,-0.018563,0.12697,-0.076684,-0.97995,-0.11413,0.063415,0.004751,-0.64074,25.378,-2.9868,-45.555,0.82783,11.189,0.86269,-17.105
15,-0.019747,0.12582,-0.080853,-0.9964,-0.11023,0.073812,-0.0039109,-1.166,26.06,-1.163,-48.192,0.60661,9.1273,-1.243,-15.944,-0.016031,0.1447,-0.092583,-0.98412,-0.10821,0.071825,0.0094784,-2.0032,25.254,-1.4297,-48.731,1.5276,10.257,1.2503,-17.53
15.1,-0.016916,0.12412,-0.072774,-0.99268,-0.11371,0.073923,0.0075898,-1.4475,24.924,-0.793,-46.178,1.01,10.58,-0.14349,-17.407,-0.027513,0.13436,-0.090065,-0.96575,-0.11315,0.081514,0.011004,-1.3009,26.027,-2.1138,-46.87,0.21361,9.2873,1.054,-17.084
15.2,-0.015312,0.1291,-0.085811,-1.0052,-0.1103,0.073497,0.0059915,-1.2532,26.363,-0.52671,-47.846,0.32972,11.377,-0.62252,-17.102,-0.014649,0.13917,-0.098476,-0.97421,-0.11168,0.085448,0.0084589,-0.98094,25.245,-3.2032,-45.764,1.0587,9.9809,-0.1061,-16.617
15.3,-0.014454,0.13313,-0.082873,-0.98552,-0.10607,0.072287,0.0063432,0.85531,23.245,-1.7519,-47.395,0.7846,13.488,-0.67032,-16.234,-0.0067418,0.11215,-0.074074,-0.97488,-0.10386,0.084694,0.0057879,-1.7956,26.122,-0.32458,-48.095,1.5783,11.281,1.602,-18.764
15.4,0.0052593,0.12384,-0.065899,-1.0115,-0.11185,0.073332,0.0011244,0.072785,23.073,-0.75027,-47.077,0.99742,10.324,0.50322,-17.428,-0.012883,0.12824,-0.079329,-0.97722,-0.10443,0.08168,0.0072608,-1.8328,24.829,-0.11383,-49.486,2.2125,10.234,-0.63034,-15.069
15.5,-0.0014828,0.12086,-0.079147,-1.0001,-0.10028,0.083265,0.0020349,-2.68,23.149,-0.3515,-48.026,-1.2029,14.068,0.15546,-16.388,-0.0099555,0.11554,-0.080613,-0.98959,-0.09989,0.081664,0.0050858,-0.45242,23.028,-2.4727,-48.585,0.27022,13.296,2.3354,-16.048
15.6,0.0040222,0.11312,-0.091025,-0.9818,-0.092527,0.091224,-0.0031202,-1.2386,22.676,-1.0913,-48.35,-0.037527,11.477,1.8714,-15.365,0.0066471,0.10759,-0.073231,-0.99326,-0.10126,0.082238,-0.00051683,-1.9334,24.267,-2.0789,-48.458,-0.080849,11.163,0.57171,-15.795
15.7,0.02254,0.093953,-0.082418,-0.97788,-0.11025,0.082943,-0.0043426,-0.016869,24.223,-0.95052,-51.459,-0.82567,11.671,-1.9766,-14.738,0.012102,0.091218,-0.077782,-1.0028,-0.095299,0.08879,-0.0044447,1.1946,21.187,-0.79223,-48.971,2.5867,12.482,0.61258,-14.137
15.8,0.022957,0.10052,-0.084902,-1.0084,-0.096794,0.092061,-0.0056846,-1.2586,21.139,-1.7658,-48.769,0.94477,12.82,-0.60615,-14.852,0.016534,0.10447,-0.082963,-0.98326,-0.10324,0.081758,-0.0012677,-2.0085,21.129,-0.91617,-48.041,0.076577,12.63,1.1459,-14.851
15.9,0.013013,0.096272,-0.088031,-0.99768,-0.096928,0.092927,-0.00061107,-0.95349,20.155,-1.0216,-50.117,0.94163,9.4274,1.8943,-14.146,0.036179,0.097069,-0.084998,-0.99582,-0.090288,0.090987,3.3349e-05,0.40592,20.743,-1.5846,-47.945,1.7623,12.921,1.0777,-13.949
16,0.031066,0.086729,-0.080714,-0.99837,-0.09503,0.093136,-0.0086988,0.29783,21.003,-0.38267,-49.566,0.38514,13.941,1.1369,-15.52,0.039243,0.094681,-0.072919,-1.0019,-0.096269,0.09261,-0.0054067,-0.9489,19.853,0.48701,-49.699,2.2834,11.394,1.9671,-15.401
16.1,0.034883,0.071884,-0.067885,-0.98169,-0.095004,0.09138,-0.0041417,-1.5969,19.737,1.4045,-50.642,1.1558,14.636,0.53416,-14.946,0.030336,0.082876,-0.078492,-0.99133,-0.08796,0.093491,-0.0070712,-1.7239,20.094,-0.71973,-51.245,0.87421,13.215,2.5301,-14.623
16.2,0.045402,0.077161,-0.071982,-1.0026,-0.095689,0.097404,-0.011736,-0.51902,18.342,-0.66949,-52.283,1.2899,13.269,0.40321,-13.83,0.023931,0.087539,-0.072214,-0.97042,-0.08606,0.10092,-0.0012692,-1.3314,20.732,-0.082493,-49.283,1.1124,15.244,2.5917,-13.772
16.3,0.052958,0.067864,-0.066206,-1.0074,-0.085218,0.098697,-0.020097,-1.0144,21.236,-1.1084,-50.788,3.3997,15.062,-0.47728,-11.757,0.027685,0.077113,-0.084272,-0.99438,-0.078662,0.092057,-0.009092,-1.6224,18.9,1.7863,-49.989,0.45925,13.564,2.2338,-12.041
16.4,0.030453,0.064775,-0.062754,-0.98543,-0.081875,0.10104,-0.012356,-1.0257,19.979,-1.0366,-48.448,0.35359,13.61,1.9629,-13.662,0.053647,0.08502,-0.062027,-0.99848,-0.080847,0.098415,-0.012732,-2.3375,19.93,0.82314,-49.912,1.1218,15.022,2.4586,-13.2
16.5,0.051619,0.076577,-0.075834,-1.0014,-0.07105,0.086467,-0.012981,-0.71069,19.078,-0.15504,-49.757,0.61948,14.72,0.40413,-14.509,0.053406,0.073487,-0.064764,-0.97418,-0.074743,0.094095,-0.01051,1.1569,19.379,-1.1163,-49.706,2.1159,15.973,1.0026,-13.536
16.6,0.034103,0.067808,-0.066947,-0.99839,-0.082574,0.083202,-0.0044405,-2.9338,18.135,1.5574,-48.489,-0.96568,13.016,-0.13202,-13.185,0.052531,0.056496,-0.077809,-1.0153,-0.080071,0.093723,-0.014363,0.0067304,17.938,-0.84115,-51.546,-2.0055,15.313,0.47635,-11.129
16.7,0.058324,0.060491,-0.085078,-1.0011,-0.077074,0.079165,-0.014053,-3.9099,16.765,-1.4903,-49.514,1.9119,15.004,0.66532,-13.459,0.068162,0.066363,-0.059029,-1.001,-0.079523,0.092883,-0.0020497,-0.76255,18.548,0.2764,-50.658,-0.72379,14.388,0.91468,-10.392
16.8,0.062026,0.041059,-0.063491,-1.0023,-0.074923,0.10079,-0.014311,-1.5328,17.509,0.81369,-51.692,2.1004,15.306,0.53582,-13.843,0.057312,0.056011,-0.055757,-0.99567,-0.085786,0.081736,-0.027173,-0.27839,17.343,-0.63308,-49.778,0.92356,14.177,1.1277,-11.498
16.9,0.062014,0.060177,-0.071718,-0.99723,-0.069148,0.095372,-0.0084691,-0.44148,16.686,-0.27142,-49.98,0.34951,16.574,1.1767,-10.954,0.070462,0.049024,-0.052633,-0.98778,-0.077335,0.094302,-0.0064137,-0.79046,16.359,1.2734,-49.457,-0.47928,16.157,-0.37083,-13.309
17,0.066556,0.059954,-0.069169,-0.99164,-0.064405,0.084199,-0.0094037,-0.72096,14.818,-2.552,-47.87,1.204,16.501,2.392,-10.241,0.064286,0.042005,-0.054001,-0.9701,-0.071835,0.091013,-0.01668,-0.36466,15.811,1.1319,-47.791,2.41,14.197,0.53938,-11.517
17.1,0.062223,0.050568,-0.06603,-1.0069,-0.064114,0.093333,-0.016958,0.47397,17.73,0.42162,-47.394,0.72781,15.903,1.8134,-10.979,0.074436,0.03249,-0.07471,-0.98216,-0.069075,0.08864,-0.022345,-2.1335,17.153,1.3607,-47.234,1.5403,14.317,2.6742,-12.372
17.2,0.072564,0.033451,-0.060118,-0.97992,-0.075129,0.087741,-0.016326,-2.6561,15.219,1.1774,-46.638,1.1013,15.245,0.10949,-11.629,0.066625,0.041267,-0.068957,-0.99706,-0.063092,0.090612,-0.022859,-0.99801,16.106,1.0723,-49.304,0.65403,15.567,2.2799,-12.432
17.3,0.074568,0.036932,-0.054054,-0.98375,-0.072928,0.084543,-0.020608,-0.64588,16.667,-0.87941,-47.908,1.3255,15.856,2.808,-9.3215,0.073733,0.017307,-0.064108,-0.98978,-0.061712,0.087261,-0.025644,-1.2349,15.107,1.8949,-47.237,1.9029,15.897,0.52047,-10.37
17.4,0.10361,0.031537,-0.082624,-0.99358,-0.06073,0.093287,-0.014643,-2.4626,15.618,-0.73604,-46.724,0.90904,13.58,2.9002,-9.956,0.09212,0.030721,-0.068272,-0.99669,-0.067455,0.084336,-0.014193,-1.8289,14.282,0.099815,-45.443,0.57924,15.487,1.1184,-10.989
17.5,0.11901,0.047455,-0.05888,-0.98921,-0.061216,0.091094,-0.024884,-2.18,12.933,-0.83495,-46.158,1.5391,16.837,0.0012606,-8.8534,0.097949,0.029744,-0.068925,-1.0025,-0.072267,0.088038,-0.024615,-0.55696,14.546,0.59795,-47.812,3.0408,16.681,1.1485,-10.181
17.6,0.083264,0.022374,-0.069082,-0.98111,-0.056606,0.089613,-0.021267,-2.4332,14.613,-1.2022,-48.965,0.94826,16.83,-0.089302,-10.806,0.093559,0.034638,-0.061967,-0.97958,-0.064662,0.086325,-0.014761,-0.26248,14.035,1.1056,-47.443,1.615,17.368,0.74052,-10.022
17.7,0.087452,0.033557,-0.050641,-0.99892,-0.056813,0.090027,-0.028318,-0.58404,12.985,0.69576,-46.666,-0.34805,15.835,2.0901,-7.9381,0.098585,0.017348,-0.05925,-0.98468,-0.051694,0.090713,-0.030537,-1.3996,15.269,0.85568,-47.664,0.28337,17.935,1.3468,-8.8319
17.8,0.099341,0.015849,-0.058653,-1.0081,-0.061573,0.082388,-0.015867,-0.63421,13.344,0.2349,-47.351,-0.093982,15.814,0.29668,-8.1992,0.091153,0.01055,-0.073083,-0.99722,-0.059739,0.080685,-0.021102,-1.2469,14.109,0.060613,-45.867,1.9507,15.716,0.14284,-9.8487
17.9,0.095073,0.012108,-0.037257,-0.99125,-0.058682,0.091904,-0.020915,-1.4285,12.415,-0.0019009,-47.156,0.078628,17.499,0.0019291,-9.2519,0.1003,0.013075,-0.084409,-0.99133,-0.05489,0.084542,-0.020363,-1.8302,12.856,2.9429,-45.237,1.2322,16.261,0.73868,-6.6031
18,0.096734,0.029284,-0.049545,-0.99288,-0.04461,0.086952,-0.028387,-1.3255,11.553,-0.65656,-46.413,0.63365,17.59,2.3457,-7.663,0.10541,0.0067954,-0.051726,-0.98975,-0.052637,0.090234,-0.027437,-1.2712,13.207,1.2994,-47.404,0.53169,18.975,-0.43124,-6.4781
18.1,0.0886,0.0056769,-0.049026,-0.98527,-0.044148,0.087337,-0.029005,-0.18253,11.337,-2.3514,-45.526,-0.51833,16.539,2.0515,-7.3349,0.11245,0.0095972,-0.030916,-0.98838,-0.04528,0.091968,-0.01988,0.1772,11.38,0.28963,-45.73,1.0569,16.096,-0.18118,-8.4754
18.2,0.10654,0.019196,-0.037259,-0.98713,-0.051608,0.084728,-0.026858,-1.002,11.337,-0.56517,-44.191,0.98828,18.395,0.57839,-7.1416,0.10763,0.00013231,-0.036756,-0.99026,-0.045018,0.084848,-0.028038,-0.87597,12.409,-0.10339,-44.724,1.8653,18.224,-0.71678,-7.8348
18.3,0.11408,0.0041223,-0.06375,-0.99387,-0.050142,0.081483,-0.030961,-2.8548,10.472,1.3427,-46.774,-0.24181,18.374,-0.35475,-7.6702,0.12696,-0.0022573,-0.071601,-0.99516,-0.03917,0.081869,-0.024258,-1.335,10.826,-0.40833,-43.32,-0.9983,19.453,-1.1613,-7.8662
18.4,0.10438,-0.0090158,-0.051178,-0.99708,-0.043149,0.082308,-0.023781,-1.2971,9.7143,1.6146,-44.721,-0.16192,19.098,1.0552,-7.7779,0.10587,-0.023663,-0.051091,-1.001,-0.037459,0.087155,-0.033456,0.16465,9.5146,0.86618,-44.149,0.45112,18.495,1.3796,-6.0224
18.5,0.10694,-0.013209,-0.051523,-0.98124,-0.053425,0.077319,-0.023747,-2.8962,9.8148,2.8308,-45.064,0.15047,16.345,1.6034,-6.0152,0.12728,-0.011625,-0.036699,-0.98953,-0.030443,0.095173,-0.031242,-0.5101,11.005,1.9777,-45.44,0.22295,18.797,-0.72057,-4.6312
18.6,0.12351,-0.018209,-0.018601,-0.99112,-0.038224,0.088668,-0.030612,0.34845,10.096,0.90118,-43.667,1.1639,20.12,2.1263,-4.9442,0.1221,-0.001519,-0.049636,-0.98741,-0.034863,0.082985,-0.028143,-2.0333,8.7871,-0.18085,-44.831,0.74266,18.006,1.2109,-6.4192
18.7,0.12072,-0.017647,-0.047907,-0.97643,-0.037316,0.085332,-0.029882,-1.982,10.042,0.53786,-44.483,-0.51778,19.359,0.032141,-5.6844,0.12636,-0.0019122,-0.038307,-0.98648,-0.038021,0.082375,-0.03307,-1.1193,9.9254,1.1673,-41.391,0.24582,17.897,1.7196,-6.8508
18.8,0.1283,-0.026615,-0.026935,-0.99561,-0.036735,0.084982,-0.034635,-2.0556,11.077,-1.3122,-44.574,0.24356,16.698,0.23081,-6.5694,0.11276,-0.014031,-0.02802,-0.99302,-0.034266,0.075225,-0.035014,0.58393,8.0815,0.13592,-42.268,0.48,18.471,-0.52345,-5.617
18.9,0.11469,-0.027749,-0.050596,-0.97813,-0.03418,0.070158,-0.033424,-0.73971,8.9974,1.139,-43.666,0.49376,19.329,1.2384,-8.3718,0.11492,-0.030265,-0.03638,-0.99806,-0.037381,0.078714,-0.02431,-2.2816,7.0289,-0.36144,-43.086,0.34627,16.372,0.61435,-4.5169
19,0.11962,-0.024559,-0.013223,-0.99446,-0.023331,0.087064,-0.035696,-1.0497,6.1237,1.3549,-43.373,1.3621,19.46,0.28303,-4.4995,0.10971,-0.040423,-0.041243,-0.97196,-0.026514,0.074556,-0.044014,0.65978,7.6357,1.6301,-41.659,-0.19865,17.614,0.4961,-4.4577
19.1,0.13834,-0.028597,-0.026678,-1.0085,-0.032751,0.087853,-0.029482,-0.48032,8.3156,0.13898,-43.23,1.0138,19.202,0.14066,-4.4967,0.13967,-0.022101,-0.031248,-0.98094,-0.019315,0.083005,-0.033464,-1.0425,7.6101,0.69507,-42.212,0.61166,18.33,0.58987,-4.8939
19.2,0.11123,-0.05425,-0.031278,-0.99602,-0.016345,0.082138,-0.040383,-2.5789,5.6617,2.2545,-41.958,0.58706,19.702,1.6135,-5.548,0.13424,-0.043833,-0.024938,-0.99528,-0.026445,0.07895,-0.037651,-0.1622,7.3468,0.69866,-41.519,-1.08,18.898,1.3516,-4.4628
19.3,0.11731,-0.053195,-0.024891,-0.97949,-0.021443,0.082058,-0.039137,-1.7379,6.142,0.85603,-39.992,0.62123,16.524,0.6661,-5.0693,0.13395,-0.03305,-0.028761,-0.9798,-0.014996,0.077803,-0.036019,-0.19113,6.1334,-0.63298,-41.463,-0.97003,16.44,-0.27948,-4.6281
19.4,0.11964,-0.048124,-0.032895,-0.99491,-0.023529,0.07597,-0.036558,-0.75648,6.6892,0.099993,-40.756,1.0528,18.928,0.35036,-2.2378,0.13327,-0.050173,-0.044435,-0.99359,-0.030178,0.083963,-0.037405,0.31508,7.0205,1.0759,-42.023,-0.15048,17.601,0.82094,-4.1885
19.5,0.12601,-0.05089,-0.018792,-0.98944,-0.023973,0.078752,-0.031742,-1.4807,5.3719,0.37601,-41.193,-3.4786,17.749,0.75595,-2.9699,0.12274,-0.037544,-0.015591,-0.99517,-0.02047,0.080788,-0.027975,0.42278,6.5648,1.1452,-39.039,-1.6562,16.161,0.1818,-3.8881
19.6,0.14052,-0.038143,-0.015311,-0.97776,-0.018009,0.07705,-0.030611,-2.2509,7.7621,0.23903,-40.526,-1.3316,18.143,-0.11294,-3.5403,0.13907,-0.063003,-0.012704,-0.99218,-0.012815,0.069469,-0.03472,-2.0908,6.0859,1.1808,-41.893,-1.106,17.636,-0.6012,-4.8321
19.7,0.14522,-0.06271,-0.01088,-0.98099,-0.017844,0.078652,-0.024843,0.20739,3.9583,0.017625,-41.45,0.38273,16.515,0.19901,-5.5096,0.12597,-0.063694,-0.0068316,-0.98935,-0.023812,0.079211,-0.036723,-2.2252,4.6422,1.0675,-40.856,-0.1336,17.791,0.81817,-5.4166
19.8,0.13313,-0.065692,-0.0093971,-0.99888,-0.017584,0.075393,-0.028907,0.064115,2.4139,0.14855,-39.129,-0.82874,17.743,0.17055,-4.501,0.13959,-0.048894,-0.016581,-0.98481,-0.012254,0.084367,-0.036152,-0.52098,2.8016,1.2492,-42.429,-1.2702,18.955,1.3468,-4.7785
19.9,0.13496,-0.075174,-0.015348,-0.99495,-0.016372,0.067157,-0.036014,-2.1488,3.0034,1.0762,-40.674,0.086405,17.296,-0.20395,-3.6536,0.12491,-0.067144,-0.011518,-0.98406,-0.0087524,0.078073,-0.040113,-1.253,4.5504,1.0845,-39.717,-1.6309,18.307,-1.1046,-3.4614
20,0.15229,-0.048637,0.0011035,-0.9808,-0.016741,0.067578,-0.027595,-0.41006,4.1936,-0.096921,-41.173,0.0060706,17.558,0.27972,-4.1656,0.13673,-0.067547,-0.0021761,-0.99578,-0.011893,0.069929,-0.021372,-2.7827,3.3986,-1.1142,-39.235,-1.8964,16.328,-0.099909,-2.5589
20.1,0.14322,-0.054565,-0.0047964,-0.9736,-0.014992,0.073593,-0.03415,-0.65666,3.4592,0.86584,-38.039,-1.0283,16.857,-0.11169,-4.0159,0.12942,-0.07112,-0.019946,-0.98059,-0.019857,0.080706,-0.029344,-0.84253,4.0114,-0.03788,-38.66,-0.4051,15.913,-1.0537,-4.4699
20.2,0.12517,-0.077254,-0.0068352,-1.0089,-0.013873,0.066382,-0.034067,-1.8822,2.9466,-1.18,-39.184,0.77239,16.655,0.2283,-4.4648,0.12529,-0.077292,0.0035468,-0.99272,-0.0075846,0.071031,-0.032939,-0.48371,3,-0.072225,-38.52,0.61278,15.177,-1.4705,-3.4053
20.3,0.14404,-0.065235,-0.0077943,-0.99423,0.00035651,0.055615,-0.018994,0.080388,1.7066,1.5557,-39.129,0.021197,16.789,-1.4776,-4.6552,0.13706,-0.074659,-0.012722,-0.99176,-0.0070596,0.067744,-0.026094,-1.4483,2.0321,1.0755,-39.09,-1.3253,14.515,-0.57438,-4.791
20.4,0.13607,-0.1001,0.00023324,-0.98145,-0.010589,0.074332,-0.033841,-1.9355,4.481,2.0659,-39.695,-0.75177,16.816,0.33125,-4.7547,0.12361,-0.082767,-0.0016142,-0.98853,-0.0040729,0.067208,-0.031318,-0.41845,0.33095,0.65665,-37.409,-0.24754,15.678,-0.74096,-6.4337
20.5,0.13463,-0.080236,-0.0022402,-0.99295,-3.8658e-05,0.072097,-0.029434,-0.96022,1.1344,1.5533,-39.214,-1.4749,16.145,-0.99651,-5.1749,0.13242,-0.077415,-0.0028453,-1.0004,-0.003918,0.066984,-0.030461,-1.3835,0.86142,1.1756,-36.916,-0.3049,15.236,-0.89589,-2.7246
20.6,0.14666,-0.086851,0.0094965,-0.99567,-0.010376,0.065607,-0.021049,-0.14475,-0.62825,0.047863,-35.307,0.066826,13.681,0.61108,-3.6908,0.15271,-0.083985,-0.0030752,-0.99135,-0.011632,0.067838,-0.020486,-1.3493,1.3827,1.5781,-37.634,0.25309,15.121,0.83206,-3.6123
20.7,0.13014,-0.089577,0.0070916,-0.99269,-0.0050861,0.06153,-0.023053,-0.36173,2.3061,1.7584,-36.356,-1.2843,14.727,-0.79734,-5.4784,0.13461,-0.09215,-0.013261,-0.96964,-0.0019541,0.067963,-0.027163,-0.36279,0.971,2.5924,-38.975,-1.2506,13.472,-0.81509,-3.5467
20.8,0.15228,-0.083613,-0.01502,-0.99926,0.00059429,0.06911,-0.026305,-2.4848,-0.635,0.18869,-36.083,-0.28982,14.631,-0.30161,-4.7204,0.13793,-0.086754,0.00010793,-1.0143,-0.0021236,0.06991,-0.025554,-1.4543,-0.98342,0.25455,-36.425,-1.7707,14.967,-0.77051,-5.8886
20.9,0.16161,-0.092563,0.00030226,-0.9799,0.0027417,0.061305,-0.028041,1.0086,0.79081,0.5032,-36.551,-2.0646,14.025,-0.48054,-3.3174,0.1425,-0.10466,0.0054328,-0.98401,0.00054844,0.062917,-0.018543,-1.3173,1.1246,1.0471,-39.209,-2.3337,13.757,-0.93925,-5.2928
21,0.16029,-0.081631,0.00055066,-1.0002,-0.0087863,0.054415,-0.030637,-0.41754,0.045736,0.20665,-37.412,1.4264,14.001,0.60594,-5.9298,0.12319,-0.10619,-0.0069258,-0.97726,-0.0028025,0.060876,-0.020801,-2.5718,-0.64145,1.7433,-38.104,0.51822,15.147,0.62514,-5.236
21.1,0.14369,-0.098716,0.0008522,-0.99712,0.0039417,0.064327,-0.02662,0.29948,-0.43284,0.37005,-35.698,-2.2436,13.747,-1.2999,-7.6854,0.1267,-0.11366,-0.0028437,-0.99126,0.0011705,0.063428,-0.023732,-0.045294,-2.3678,0.55763,-37.729,-2.7849,13.323,-1.4517,-6.7197
21.2,0.13369,-0.10021,0.0056983,-0.98287,-0.0049725,0.058178,-0.019402,-2.5042,-0.48315,1.38,-36.308,-1.5515,13.885,-0.26804,-6.4055,0.15555,-0.11552,-0.0017168,-0.98122,0.00057624,0.062162,-0.0091948,-1.3948,-2.8452,1.9275,-36.492,-2.5283,14.147,0.34651,-7.2356
21.3,0.15196,-0.12232,0.012135,-0.97007,0.0052814,0.054291,-0.015535,-1.6916,-2.3599,-0.75132,-37.885,-0.17722,14.654,1.1036,-7.5338,0.15296,-0.081524,0.0078295,-0.97481,0.0055825,0.058029,-0.019017,-0.52302,0.86136,0.37671,-34.991,-1.5594,12.414,-1.1418,-7.5896
21.4,0.13906,-0.1002,0.012986,-0.99245,-0.0019797,0.058167,-0.012561,-0.91036,-1.2696,1.3161,-36.022,-0.92126,12.402,0.95314,-6.542,0.14992,-0.10128,0.013072,-0.99236,0.01061,0.043866,-0.0075355,-1.7209,-2.9041,1.676,-34.649,-1.2936,12.341,0.78173,-6.8389
21.5,0.15366,-0.12981,0.0071999,-0.99546,0.0014733,0.050043,-0.02094,0.82068,-2.8024,1.6268,-35.183,-0.14952,13.812,-1.5717,-6.4224,0.14684,-0.095097,0.013912,-0.97102,-7.1629e-05,0.057749,-0.013166,0.084536,-3.4376,3.9988,-35.434,-1.0279,10.762,-0.070001,-6.376
21.6,0.13387,-0.11138,0.018469,-0.98477,0.0050311,0.046442,-0.018696,-1.806,-3.9584,0.7538,-33.559,-0.1648,10.562,-1.5975,-6.1833,0.12244,-0.12375,0.016473,-0.9544,0.0010285,0.047666,-0.010667,-0.60724,-3.9807,0.56653,-32.855,0.065185,11.037,-0.87888,-6.8468
21.7,0.14106,-0.11387,0.038592,-0.96915,0.0094719,0.05147,-0.0094366,0.37548,-3.9363,2.1876,-32.948,0.18017,11.824,-0.65289,-7.2513,0.14252,-0.10665,0.005936,-0.97749,0.00011866,0.056845,-0.012554,-0.81364,-3.5417,2.1982,-34.735,-2.1587,12.498,-2.9646,-6.1758
21.8,0.14043,-0.12941,0.020249,-0.99084,0.0056351,0.047897,-0.0071303,0.81608,-4.8585,-0.22271,-32.99,-0.059271,13.689,-1.7867,-7.3994,0.13187,-0.12024,0.017488,-1.0134,0.0071434,0.052,-0.0085377,1.3345,-4.3824,2.6555,-32.91,0.51604,10.738,-2.1453,-6.9684
21.9,0.15261,-0.14372,0.021342,-0.97768,0.010068,0.049172,-0.001739,-2.3837,-4.2166,-1.8382,-35.586,-0.5423,11.468,-0.77729,-7.667,0.14103,-0.10746,0.016253,-0.99153,0.0078703,0.040612,-0.0059873,-0.027764,-3.0564,1.7529,-33.787,0.17747,11.767,-0.45953,-8.1409
22,0.13935,-0.12999,0.020829,-0.99025,-0.0003818,0.036891,-0.0052377,-1.8587,-3.1016,0.8831,-32.646,-0.66089,11.423,-1.8304,-7.9047,0.14858,-0.13291,0.0091126,-0.98656,0.0021263,0.044677,-0.017366,-1.2807,-4.881,0.28563,-33.95,-1.1176,10.196,-2.061,-7.2349
22.1,0.12884,-0.11768,0.015022,-0.9939,0.0071647,0.039289,-0.0032405,0.1115,-4.6619,-0.7996,-32.102,-2.5261,9.9296,-0.66008,-8.9303,0.14534,-0.13562,0.027286,-0.9727,0.0060543,0.043423,-0.0087826,0.17033,-5.0182,0.83542,-31.252,-1.732,10.383,-2.0005,-7.9877
22.2,0.13411,-0.10809,0.012332,-0.9891,0.0050348,0.037318,-0.0036691,-2.1504,-5.1718,0.48853,-33.345,-1.8478,9.6054,-1.3143,-9.5977,0.1413,-0.1086,0.027167,-0.98185,0.010937,0.045227,-0.00086059,-0.20174,-5.4569,0.93474,-33.479,-1.2491,10.5,-0.24975,-8.2444
22.3,0.1577,-0.12265,0.025801,-0.97133,0.0079005,0.035261,-0.0043266,0.27663,-5.6864,0.84762,-31.475,-1.8982,8.2404,-1.427,-8.2003,0.15072,-0.12294,0.017373,-0.99356,0.010003,0.03057,-0.0014704,-2.8939,-4.1725,0.79424,-31.863,-0.49583,8.7405,0.95881,-9.2139
22.4,0.13823,-0.12223,0.020461,-0.98564,0.022595,0.038073,-0.0054711,-0.26061,-6.181,0.011432,-33.53,0.93591,10.029,-2.8228,-10.313,0.14619,-0.12563,0.027935,-1.0007,0.013771,0.042313,-0.0079656,-2.7831,-7.6467,1.7412,-31.998,-1.0686,9.2138,-0.67605,-9.3821
22.5,0.13817,-0.13605,0.024365,-0.96861,0.012321,0.043352,-0.0021604,-0.83454,-7.2076,0.58621,-29.692,-1.3055,8.0128,-1.1458,-11.118,0.13004,-0.12647,0.023596,-0.98236,0.013611,0.040932,-3.2821e-05,1.3264,-6.0395,-0.68973,-31.769,-1.3432,9.54,-1.3848,-8.3265
22.6,0.13434,-0.11878,0.013252,-0.98244,0.0054651,0.050327,-0.0038365,1.1067,-7.5234,0.65504,-33.098,0.19818,9.8298,-0.44705,-7.8532,0.13702,-0.13653,0.015438,-0.96278,0.0094227,0.037793,-0.0022304,-0.50092,-6.1446,1.0599,-31.469,-0.90058,8.2139,-0.89373,-11.483
22.7,0.14473,-0.13106,0.020062,-0.97294,0.013286,0.040241,0.0048369,-1.1204,-7.4434,0.90765,-30.21,-0.5001,9.4901,-0.26325,-10.332,0.13466,-0.14175,0.0086897,-0.97439,0.015156,0.029971,0.0042706,-1.6932,-6.4314,-1.864,-31.271,1.8194,10.176,-0.2013,-10.5
22.8,0.12862,-0.15644,0.013381,-0.98757,0.021906,0.038545,0.0049048,-1.546,-10.101,1.906,-31.723,-0.5178,9.225,-0.7902,-9.3633,0.12226,-0.13718,0.0087669,-0.97823,0.007778,0.035717,0.0043416,-1.7982,-7.1629,2.6572,-31.228,-3.0921,7.4559,-2.4055,-11.469
22.9,0.14586,-0.15401,0.0097885,-0.9993,0.0053472,0.027729,-0.0020185,-1.2524,-7.7921,-1.1182,-32.602,1.5244,9.166,-1.7648,-11.768,0.13005,-0.13792,0.019807,-1.0047,0.0092339,0.029134,0.012033,-1.9619,-9.2647,-0.21246,-29.163,0.21009,7.3114,-1.562,-9.4268
23,0.13138,-0.12538,0.026277,-0.97504,0.013498,0.03604,-0.0017825,-0.31724,-8.2641,2.1888,-29.296,0.52291,7.2469,-1.9588,-10.599,0.15242,-0.12729,0.026231,-0.97374,0.014204,0.026468,0.0032853,-1.4373,-8.9878,1.4076,-32.55,-0.0032944,7.1662,-1.8769,-11.096
23.1,0.12927,-0.15775,0.013265,-0.98394,0.01234,0.028392,0.0039356,-1.7222,-9.7599,1.4292,-28.737,-0.18574,9.0415,-1.0273,-11.15,0.13571,-0.14161,0.017584,-0.98959,0.01041,0.031703,0.0074803,-1.6789,-8.4126,2.205,-30.832,-0.57789,7.9072,-1.862,-11.93
23.2,0.13526,-0.13642,0.025199,-0.97881,0.012929,0.027326,0.0091159,-1.1247,-8.7955,2.878,-31.027,0.63888,7.3083,0.99306,-10.616,0.12126,-0.13515,0.0016938,-0.99513,0.0096304,0.022246,0.0073886,-2.1377,-9.2425,2.0614,-29.94,-1.2285,6.4848,-0.33684,-10.618
23.3,0.12535,-0.16558,0.018745,-0.9714,0.015487,0.027452,0.00045281,-1.0226,-9.7408,-1.0996,-29.199,-1.2898,8.2689,0.5043,-11.457,0.13423,-0.14133,0.0188,-0.96136,0.027258,0.018023,-0.0035478,-2.4467,-9.1941,1.5845,-28.368,1.5238,6.5704,-0.6787,-13.263
23.4,0.13863,-0.13424,0.02159,-0.98045,0.015261,0.019057,0.01055,-0.44619,-9.8677,-0.79196,-29.188,-1.6163,7.8256,0.38996,-11.306,0.13725,-0.14032,0.029681,-0.98974,0.013907,0.020911,0.0098726,-1.8973,-10.891,0.47076,-29.968,-0.39956,6.7987,-1.1859,-12.377
23.5,0.14631,-0.12377,0.0038203,-0.98864,0.017594,0.028453,0.011001,-1.556,-8.4598,2.906,-31.527,0.74008,7.1815,-2.1188,-13.888,0.11768,-0.14403,0.023083,-0.98807,0.014048,0.026499,0.012051,-1.7162,-9.1941,-1.0504,-26.529,0.23918,7.5888,1.8306,-12.551
23.6,0.11692,-0.15296,0.013346,-0.96461,0.028078,0.017925,0.012564,-1.4222,-10.297,1.7706,-28.951,1.4096,5.7616,-1.9191,-11.969,0.12571,-0.15067,0.021735,-0.98288,0.030607,0.014877,0.0051241,-2.7911,-12.141,0.026035,-27.283,0.073835,7.9364,-0.54835,-12.043
23.7,0.1436,-0.15718,0.033351,-0.98327,0.019663,0.02266,0.0050543,-1.7599,-10.834,-0.88498,-28.519,-0.42784,7.1998,-2.5069,-12.676,0.1394,-0.14676,0.015935,-0.97775,0.017872,0.024705,0.0239,0.302,-12.472,3.2723,-29.021,-0.081938,6.734,-0.41088,-12.96
23.8,0.12215,-0.12506,0.024084,-0.98145,0.033198,0.01473,0.021447,-3.2926,-11.487,0.06523,-25.863,-1.5033,4.9827,-2.7384,-13.567,0.13898,-0.15897,0.031959,-0.98024,0.022445,0.019672,0.016529,-0.67234,-9.1021,0.22711,-27.664,-0.84562,6.0607,-0.27395,-12.694
23.9,0.12226,-0.14664,0.0091723,-0.98249,0.0177,0.015929,0.01373,-0.62344,-11.8,-0.063619,-26.619,-0.0063858,5.1784,-1.1667,-13.983,0.14152,-0.15242,0.014002,-0.97785,0.016264,0.0078673,0.017326,-2.019,-11.262,-0.078647,-28.19,-0.61877,6.2862,-1.9919,-14.582
24,0.12544,-0.14669,0.0083307,-0.99344,0.027499,0.013627,0.021825,0.19787,-11.382,1.0915,-26.191,-0.35409,5.4886,0.7815,-13.987,0.12161,-0.1439,0.019254,-0.97111,0.016502,0.020201,0.022776,-0.70701,-11.366,0.16898,-28.115,0.68058,4.3396,0.42243,-14.769
24.1,0.12487,-0.14058,0.024565,-0.96545,0.025721,0.016746,0.025721,-1.6341,-12.189,1.2603,-26.744,0.28127,5.4724,-1.948,-13.556,0.12062,-0.1553,0.0032064,-0.98219,0.017332,0.014474,0.017807,-0.61295,-13.103,2.0389,-26.953,0.23352,5.2668,0.39176,-15.057
24.2,0.12122,-0.14697,0.024246,-0.97756,0.024958,0.014566,0.0083357,-0.47479,-12.911,-1.514,-26.692,-2.0249,5.9129,-1.3861,-13.718,0.11994,-0.14207,0.023422,-0.98143,0.028555,0.016589,0.020554,-1.9171,-12.534,1.2724,-26.207,0.18275,6.9225,-1.4756,-14.139
24.3,0.13639,-0.16117,0.019426,-0.9845,0.028325,0.011907,0.027106,-1.2718,-13.32,1.9754,-26.97,0.24955,7.3368,0.17891,-16.653,0.12267,-0.1636,0.01233,-0.96521,0.024129,0.014612,0.019703,-1.8206,-13.816,0.35956,-25.313,-0.69838,6.2111,0.075436,-16.045
24.4,0.10539,-0.15855,0.00031728,-0.96423,0.030564,0.0090396,0.013475,0.26274,-14.639,1.6049,-25.428,2.0471,4.7873,-1.0367,-15.299,0.10697,-0.16406,0.01767,-0.97136,0.019186,0.010086,0.020739,-2.3999,-12.201,-0.35718,-26.391,-1.5352,6.4554,-0.58039,-14.983
24.5,0.11439,-0.1463,0.02438,-0.96657,0.021367,0.0099202,0.020511,0.1025,-12.402,2.4662,-26.485,1.2798,7.6003,-1.4364,-17.32,0.14002,-0.15399,0.016198,-0.98775,0.018186,0.020323,0.017763,-2.2753,-14.216,1.8363,-25.37,0.69623,5.8816,-0.016034,-15.275
24.6,0.10844,-0.1517,0.029115,-0.987,0.018412,0.001273,0.026024,-2.0713,-12.831,0.092636,-25.724,0.079879,5.7622,0.77587,-16.686,0.11218,-0.1666,0.011903,-0.98323,0.030165,0.0011674,0.020954,-0.21623,-15.117,-0.4558,-25.136,0.4842,4.295,-1.0526,-17.666
24.7,0.11893,-0.14049,0.025885,-0.98292,0.027962,0.0027345,0.013919,-0.83644,-14.655,0.88207,-25.24,0.10776,5.4858,-1.3761,-16.818,0.12263,-0.16333,0.013369,-0.97256,0.018823,0.0056396,0.017118,-1.2632,-15.449,1.3608,-23.118,-0.19164,5.2815,-0.80926,-16.859
24.8,0.12639,-0.13944,0.016651,-0.97921,0.017747,2.0639e-05,0.021668,-1.0922,-14.952,1.221,-25.967,1.5499,5.9229,0.47863,-16.409,0.11708,-0.16337,0.0061725,-0.98285,0.028558,0.0078891,0.022693,-1.5885,-14.572,-0.15995,-25.503,-0.39295,6.3226,-1.2795,-16.842
24.9,0.12805,-0.15858,0.0082029,-0.98875,0.026697,0.0057716,0.028699,-3.5153,-16.356,1.3492,-23.861,0.34108,4.1899,-0.18171,-16.156,0.10842,-0.15431,0.025174,-0.97012,0.035785,0.0017893,0.020897,-2.388,-15.527,3.3484,-25.045,-0.44487,4.6296,0.0067555,-18.815
25,0.11925,-0.15797,0.019989,-0.98407,0.037199,0.0018724,0.025465,-0.95956,-14.74,-0.59738,-24.88,-0.88439,5.8702,-2.8779,-17.421,0.096255,-0.15085,0.010588,-1.0174,0.035124,0.0017557,0.021486,-1.2437,-15.449,-0.55465,-23.989,3.2554,6.0664,-1.3962,-16.403
25.1,0.11311,-0.15627,0.0066073,-0.97192,0.034142,-0.0015672,0.025875,-0.495,-15.033,0.95411,-25.279,0.23873,4.74,-0.25089,-19.21,0.11504,-0.14247,0.0038375,-0.99926,0.040409,0.0030156,0.02133,-1.7948,-16.93,0.17673,-22.818,0.45461,5.6985,-1.9043,-17.989
25.2,0.11101,-0.15459,0.024118,-0.99254,0.028731,-0.0052485,0.030952,-0.77538,-16.14,1.2719,-24.801,-2.412,6.542,0.92313,-18.861,0.10891,-0.15521,0.014918,-0.97668,0.029995,-0.0050899,0.024689,-2.1691,-15.699,1.8064,-24.484,-0.10505,5.7578,-2.2463,-18.477
25.3,0.11993,-0.14848,0.018449,-0.98403,0.033069,-6.2283e-05,0.019598,-1.3447,-17.238,0.0868,-22.133,-1.4441,5.4211,0.32992,-18.352,0.12031,-0.17503,0.0016043,-0.98199,0.039987,-0.0048388,0.025479,-1.0196,-16.023,1.8205,-23.763,0.14438,6.03,-0.00070167,-19.224
25.4,0.10932,-0.15465,0.00069141,-0.98047,0.040034,-0.011463,0.030035,-1.2429,-17.757,-0.10585,-23.623,-0.22808,5.3825,-0.66658,-18.878,0.09741,-0.15748,0.021549,-0.96397,0.0361,-0.0026924,0.020237,-2.4166,-18.331,2.3219,-22.227,-0.11098,7.0031,-1.226,-21.158
25.5,0.10031,-0.16473,0.017109,-0.9884,0.025067,-0.0043496,0.032161,-1.3889,-18.32,1.5732,-23.596,1.9743,4.7968,-1.4422,-17.318,0.092,-0.1532,0.014326,-0.98841,0.032266,-0.007575,0.022735,-1.6632,-18.786,2.7748,-22.853,-0.14201,4.5297,0.080898,-19.688
25.6,0.097301,-0.15521,0.014776,-0.96164,0.031715,-0.0096543,0.039826,-1.449,-18.551,-0.18671,-22.217,-0.53858,7.4093,-2.2058,-18.951,0.081906,-0.14436,-0.0015006,-0.97636,0.030744,-0.0085176,0.031008,-3.3963,-19.536,-0.14735,-22.541,0.44523,7.6064,-1.2507,-18.581
25.7,0.097174,-0.15237,0.00076372,-0.97613,0.036064,-0.012441,0.021821,-0.027235,-19.362,0.061368,-20.521,1.2472,6.0586,-0.54206,-18.286,0.092681,-0.17175,0.028768,-0.9804,0.040967,-0.013218,0.02664,-2.2345,-17.797,-0.18446,-19.386,-0.057727,6.1469,-1.2338,-20.151
25.8,0.079274,-0.1412,0.012017,-0.96481,0.040517,-0.021056,0.020971,-1.3177,-20.438,0.59538,-24.136,-0.68336,7.1199,-0.24506,-20.826,0.11368,-0.16288,0.013241,-0.98336,0.029649,-0.0080896,0.028016,-3.3003,-18.154,1.6629,-21.117,0.68542,6.8978,-1.6346,-17.584
25.9,0.088401,-0.17085,0.011294,-0.97889,0.026726,-0.011924,0.020212,-2.0964,-20.853,0.57214,-22.739,1.0927,5.6764,0.11093,-19.539,0.091023,-0.15599,-0.0077976,-0.97872,0.031071,-0.0062619,0.032161,-1.1741,-21.051,1.0341,-20.445,0.86366,7.3266,-0.57011,-19.88
26,0.10284,-0.15062,-0.0068401,-0.97558,0.035564,-0.016736,0.032296,-0.37278,-19.92,0.766,-18.49,1.0957,5.6281,-1.2812,-21.37,0.096528,-0.15303,0.0059035,-0.97994,0.030108,-0.016547,0.021466,0.23145,-19.192,2.3202,-19.994,2.1648,6.8032,-0.74943,-21.907
26.1,0.079764,-0.17695,-0.00025132,-0.99786,0.029455,-0.01723,0.023538,1.2529,-20.701,2.1358,-21.773,0.68088,6.9381,-0.9503,-20.395,0.10116,-0.14935,-0.0053517,-0.97153,0.041554,-0.015502,0.031025,-2.7807,-20.147,1.0208,-20.484,1.1576,8.4398,-0.87764,-20.238
26.2,0.092376,-0.15652,-0.0096223,-0.97053,0.039466,-0.021028,0.018831,-1.2057,-20.87,1.0865,-20.579,1.347,6.4218,-1.1734,-20.886,0.085065,-0.15628,-0.020393,-0.98048,0.031317,-0.015899,0.027317,-1.058,-20.678,0.21446,-21.58,2.0716,6.5202,-1.1036,-22.005
26.3,0.089912,-0.149,-0.012466,-1.0046,0.040445,-0.018892,0.027304,-1.4815,-21.201,2.7797,-20.15,1.6326,6.4607,-0.98742,-20.931,0.086058,-0.1438,-0.0047407,-0.97265,0.037523,-0.013357,0.021103,-0.26497,-21.925,-0.10181,-19.059,0.92826,6.821,-0.76039,-21.338
26.4,0.095239,-0.14125,-0.013724,-0.98401,0.04389,-0.020033,0.024227,-0.49291,-20.765,-0.51708,-19.122,1.5005,7.7412,-1.1115,-20.953,0.086452,-0.1567,-0.0028617,-0.99876,0.032713,-0.027266,0.028997,-3.3672,-19.704,0.25027,-19.668,2.0701,7.8674,-0.87678,-21.602
26.5,0.079567,-0.15131,-0.0034055,-0.96956,0.032749,-0.021733,0.026321,-0.87002,-22.652,-0.35206,-18.675,0.51752,6.854,-0.69748,-24.233,0.07512,-0.15603,0.010874,-0.98934,0.038388,-0.025074,0.029456,-0.38742,-19.635,3.6541,-19.313,-1.1039,7.2913,-2.9706,-21.456
26.6,0.091024,-0.14149,-0.021447,-0.98974,0.049107,-0.034057,0.019043,-1.2114,-21.608,0.99709,-18.95,-0.27211,8.6886,-0.52436,-22.759,0.072737,-0.1521,-0.0073153,-0.98312,0.048142,-0.028832,0.027442,-1.3158,-21.376,-0.090431,-19.513,0.43956,8.0829,-0.71483,-22.879
26.7,0.071649,-0.15792,-0.015178,-0.97883,0.045944,-0.027869,0.034114,-0.5818,-23.076,1.3452,-19.905,1.5959,10.419,-1.5345,-25.058,0.058447,-0.14974,0.011404,-1.0029,0.044151,-0.02717,0.026737,-0.95483,-22.747,1.7822,-18.39,1.0948,8.2335,1.1177,-21.922
26.8,0.082174,-0.13841,-0.0040877,-0.98017,0.052985,-0.02861,0.023976,-0.51915,-23.281,0.016582,-18.028,1.6822,8.9339,0.051187,-23.978,0.090564,-0.12822,0.0078147,-0.98944,0.044833,-0.027438,0.022213,-2.8429,-21.593,0.55836,-19.682,1.5455,10.847,-1.5656,-24.188
26.9,0.06681,-0.14069,-0.0038142,-0.96977,0.043242,-0.0331,0.027629,-0.2676,-23.629,-0.28939,-18.944,0.90251,11.981,-2.5335,-24.431,0.098563,-0.14301,-0.0073624,-0.98754,0.048021,-0.029256,0.020501,-0.81062,-22.792,1.3515,-20.416,0.86265,8.3621,0.51602,-24.099
27,0.055976,-0.13554,0.00057189,-0.99367,0.030552,-0.038056,0.021855,-2.1996,-23.992,1.9465,-17.971,2.6509,9.8371,-0.79885,-24.656,0.070595,-0.15194,-0.015908,-0.94837,0.038627,-0.027887,0.031435,0.045068,-22.786,-0.25679,-16.849,0.64885,8.8296,-2.3852,-26.469
27.1,0.073063,-0.14205,-0.034547,-0.96553,0.045944,-0.024387,0.029986,-1.6776,-23.945,-0.052856,-17.739,0.70486,10.103,1.5941,-25.815,0.058122,-0.15219,-0.021511,-0.96968,0.046678,-0.029972,0.028055,-1.2066,-24.338,1.622,-16.596,-0.81116,9.4046,-1.236,-25.017
27.2,0.067008,-0.15146,0.004539,-0.97087,0.052359,-0.027143,0.029828,-1.7315,-23.263,0.0065663,-16.473,2.7566,9.318,-1.3618,-25.562,0.080263,-0.14373,-0.0065422,-0.9842,0.051278,-0.033721,0.034978,-2.6031,-26.219,0.64896,-15.064,1.8943,9.4568,-1.8623,-24.864
27.3,0.077582,-0.13837,-0.03051,-0.98616,0.048911,-0.032372,0.029464,-2.5974,-26.015,-0.55929,-17.544,1.5997,10.253,-0.45022,-23.312,0.067046,-0.14875,-0.025206,-0.98603,0.049378,-0.037531,0.024038,0.036255,-23.381,2.0027,-15.727,-0.25323,9.3342,-1.6664,-24.003
27.4,0.059846,-0.14584,-0.021742,-0.97938,0.048504,-0.029617,0.021647,-0.28171,-24.793,0.76772,-17.272,3.5374,9.906,-2.346,-26.534,0.071958,-0.14597,-0.010131,-0.97988,0.054395,-0.04483,0.027222,-1.417,-24.591,-0.20864,-15.972,0.75888,9.4436,-1.1166,-25.671
27.5,0.063629,-0.15933,-0.011817,-0.9986,0.055265,-0.031782,0.032264,-0.89517,-25.758,1.4375,-16.101,0.75001,9.7973,0.24395,-28.14,0.045351,-0.14139,0.0052898,-1.0001,0.043106,-0.051622,0.028797,-1.0476,-25.631,0.52228,-16.391,0.62052,10.187,0.19914,-25.706
27.6,0.062652,-0.14625,-0.025327,-0.98839,0.046167,-0.035694,0.025154,-1.298,-24.723,0.9409,-14.229,2.2489,11.53,-1.3938,-25.554,0.054597,-0.13362,-0.038297,-0.98313,0.055442,-0.035654,0.024182,0.50433,-25.985,-0.98991,-13.626,-0.15173,12.075,-2.3253,-25.697
27.7,0.05184,-0.14553,-0.012561,-0.98658,0.058694,-0.030935,0.021366,-1.7482,-25.18,1.3924,-16.423,-0.49649,10.285,-1.3557,-26.021,0.046396,-0.1278,-0.020112,-0.98634,0.046585,-0.038585,0.02065,-1.4303,-24.485,0.3631,-16.198,0.88198,11.533,-0.54695,-27.063
27.8,0.062551,-0.13418,-0.030466,-0.99415,0.05382,-0.045366,0.024343,-1.1258,-25.993,2.1186,-15.238,1.7373,8.9883,-1.3874,-26.033,0.041914,-0.13344,-0.036274,-0.97766,0.047241,-0.041906,0.01957,-0.32623,-25.337,2.7126,-13.253,0.96521,9.5526,-0.25248,-25.181
27.9,0.064545,-0.14815,-0.028999,-0.99799,0.049567,-0.043525,0.025811,-2.5318,-26.048,0.37911,-15.491,0.68662,12.825,-0.96638,-26.038,0.050686,-0.12919,-0.025433,-0.99436,0.055168,-0.038311,0.022285,1.1329,-25.494,0.40817,-13.656,0.61129,11.277,-1.0615,-24.814
28,0.04773,-0.12383,-0.016934,-0.99745,0.047003,-0.045148,0.03057,-0.85558,-26.163,-0.61135,-13.775,0.99911,11.769,-0.58086,-27.577,0.040323,-0.11439,-0.029954,-0.97252,0.055012,-0.04828,0.019823,-0.82809,-24.779,2.5932,-13.847,-0.02515,10.462,-0.65255,-26.596
28.1,0.03226,-0.12839,-0.02892,-1.0055,0.040137,-0.044932,0.028835,-0.84995,-25.863,0.16553,-12.948,0.65332,12.421,-1.6964,-26.574,0.035381,-0.13552,-0.010935,-0.99872,0.049488,-0.042547,0.025834,-0.97788,-25.791,0.72819,-12.544,-0.79814,12.149,-1.3484,-27.083
28.2,0.031222,-0.12324,-0.026488,-0.98037,0.054342,-0.043039,0.032109,-0.27601,-27.074,-0.077166,-13.812,0.67284,10.232,-0.32024,-29.734,0.03066,-0.11353,-0.0059207,-0.98841,0.046181,-0.047761,0.023394,0.57124,-28.267,1.554,-12.96,1.1839,12.293,-1.3126,-27.566
28.3,0.045774,-0.12029,-0.018215,-0.97732,0.04532,-0.047109,0.02643,1.0387,-25.319,1.0135,-13.546,0.59718,12.597,-1.1867,-28.54,0.033795,-0.12829,-0.017056,-1.0007,0.047405,-0.044068,0.024792,-0.10483,-25.448,2.0425,-13.784,1.694,13.695,-0.47892,-28.438
28.4,0.033108,-0.11834,-0.019617,-1.003,0.054778,-0.043113,0.032383,0.22439,-24.388,1.4524,-13.557,-0.20251,13.003,-1.1796,-28.393,0.035568,-0.1211,-0.01523,-0.99473,0.049015,-0.042264,0.017677,3.2027,-25.237,0.67129,-12.339,-1.0737,11.528,-1.2809,-29.033
28.5,0.046295,-0.11275,-0.033287,-1.0026,0.039897,-0.043833,0.026225,1.0209,-26.756,0.96458,-13.913,-1.5648,14.121,-0.54911,-28.428,0.0416,-0.1111,-0.038553,-0.99635,0.048698,-0.052987,0.023513,-0.70245,-23.782,-0.70006,-13.165,0.063015,14.051,0.044468,-25.23
28.6,0.037116,-0.11296,-0.029053,-0.99306,0.049537,-0.049961,0.031247,0.17222,-27.803,0.97157,-12.27,1.5441,11.11,1.0075,-29.277,0.031116,-0.10313,-0.022455,-1.0022,0.044926,-0.048058,0.030892,-1.5804,-26.22,-0.52406,-12.079,-0.22236,12.658,-0.61873,-27.015
28.7,0.022264,-0.11843,-0.030933,-0.98161,0.037509,-0.053721,0.027534,0.50037,-24.731,1.6118,-13.126,2.1576,14.093,-0.58048,-29.48,0.025501,-0.11188,-0.029351,-0.99329,0.049776,-0.046266,0.014513,1.1573,-27.463,1.869,-13.397,1.2781,13.757,-0.16863,-27.869
28.8,0.028639,-0.11341,-0.039028,-0.99375,0.034456,-0.058565,0.031022,-0.99168,-25.578,0.97444,-12.517,1.2495,13.055,-0.67227,-29.241,0.037806,-0.1162,-0.016329,-0.99006,0.035555,-0.053023,0.02163,0.64546,-26.364,1.1346,-12.189,1.1971,14.72,-1.0102,-28.09
28.9,0.030795,-0.10227,-0.028152,-0.99312,0.035242,-0.057586,0.023744,-0.50093,-25.085,1.2469,-10.977,0.53074,13.741,-1.0799,-27.518,0.03017,-0.11016,-0.032054,-1.0042,0.041105,-0.055386,0.020466,1.8952,-26.114,0.89677,-11.225,2.035,15.463,-1.9674,-27.208
29,0.013651,-0.097295,-0.030164,-0.99298,0.031484,-0.047328,0.026259,0.19753,-23.567,3.0141,-9.1586,0.81036,15.352,-1.1854,-28.111,0.019069,-0.10666,-0.037612,-0.97304,0.036739,-0.056346,0.017785,0.61808,-24.553,0.84127,-12.437,2.6422,15.045,0.22223,-27.831
29.1,0.025515,-0.10869,-0.046854,-0.97809,0.02683,-0.055413,0.025159,-0.14766,-22.645,-0.10457,-11.728,1.9119,14.961,-1.5863,-28.059,0.019426,-0.088841,-0.023285,-0.9905,0.040558,-0.061379,0.012547,1.118,-24.235,2.5021,-11.047,-0.73825,15.423,-1.5598,-28.058
29.2,0.02098,-0.11504,-0.047957,-1.0055,0.045015,-0.051365,0.021429,-0.70032,-25.019,-0.35629,-10.804,0.034025,15.134,-0.72036,-28.798,0.017379,-0.088787,-0.028615,-0.98383,0.043141,-0.06103,0.02006,1.701,-23.462,-0.81846,-9.7633,1.0418,15.044,0.16837,-27.298
29.3,0.0029638,-0.097299,-0.035957,-1.0139,0.034864,-0.054226,0.016448,0.42819,-23.57,0.59487,-10.854,1.1606,13.454,-0.2772,-29.426,0.011135,-0.096647,-0.045912,-0.99355,0.039702,-0.052609,0.01522,1.1969,-23.245,1.398,-7.9014,0.63503,16.306,-1.2474,-27.853
29.4,0.01911,-0.091674,-0.019646,-1.0022,0.051906,-0.051187,0.02114,0.015762,-24.359,0.9151,-10.591,1.052,15.832,1.7991,-28.702,0.0081527,-0.095069,-0.018253,-1.0109,0.034284,-0.054401,0.01768,0.8947,-24.579,0.72816,-10.132,1.6235,16.922,0.0020327,-27.305
29.5,0.013725,-0.075569,-0.016545,-0.98261,0.031926,-0.072473,0.018341,-0.07043,-22.107,1.8827,-8.7645,-1.3706,17.73,0.13211,-28.334,0.0057036,-0.097805,-0.049377,-0.99082,0.047456,-0.065047,0.0034984,-0.8399,-22.068,2.2584,-6.0308,0.73909,14.638,1.1119,-28.242
29.6,0.0054124,-0.097862,-0.031818,-0.98936,0.039392,-0.068532,0.030418,1.8956,-23.559,2.2565,-9.0161,-0.77093,16.534,-0.074887,-27.697,0.017919,-0.096368,-0.018918,-1.0091,0.038521,-0.064408,0.015091,-0.24241,-23.518,2.6888,-7.5765,1.0664,16.589,-0.24302,-26.438
29.7,-0.012145,-0.096413,-0.021548,-0.97051,0.035237,-0.06517,0.022071,1.5233,-22.87,0.67869,-7.6588,0.88317,14.128,2.3774,-27.475,0.012354,-0.064947,-0.042402,-0.9976,0.0335,-0.05789,0.015437,1.6085,-22.22,0.94014,-7.0691,-0.0035263,16.162,1.0032,-26.89
29.8,0.0080858,-0.086425,-0.051267,-0.97683,0.033532,-0.06625,0.020981,1.5797,-22.049,0.48172,-8.3649,1.6865,13.273,0.59258,-28.105,-0.0043347,-0.079034,-0.028744,-0.99694,0.027124,-0.062956,0.016603,0.62961,-23.282,2.1852,-8.2985,1.0914,14.382,0.20482,-26.217
29.9,0.010379,-0.093085,-0.038077,-1.0069,0.040269,-0.060007,0.015101,0.99327,-20.746,0.61837,-7.7674,1.5207,17.857,-0.8715,-26.832,-0.0022495,-0.077728,-0.027917,-1.0058,0.045351,-0.062893,0.012542,0.56034,-20.943,-0.43341,-6.8407,0.023251,17.197,0.78034,-26.916
30,-0.0050812,-0.051813,-0.042899,-0.99511,0.029744,-0.068031,0.013582,1.2382,-22.427,3.5077,-6.9442,1.7929,16.788,1.1334,-24.559,0.00089051,-0.068431,-0.052077,-1.0079,0.035001,-0.0601,0.014333,0.17648,-21.517,0.98532,-5.8816,0.065259,14.903,1.6685,-25.028
30.1,0.0035153,-0.076991,-0.040561,-0.99367,0.026359,-0.058322,0.021741,1.1881,-21.93,1.7149,-8.8382,2.4872,16.178,1.6118,-27.008,-0.0075145,-0.068493,-0.033461,-1.0078,0.030232,-0.069601,0.017859,0.58066,-21.315,0.2946,-7.4803,1.4234,17.318,1.8353,-25.941
30.2,-0.015557,-0.068358,-0.04397,-1.0117,0.030594,-0.057586,0.0071749,0.45242,-21.196,0.97459,-7.6828,0.3569,17.002,-0.92553,-26.309,0.0033214,-0.062255,-0.033056,-1.0051,0.039497,-0.069501,0.0041221,-0.63879,-20.482,-0.3237,-6.5319,1.0048,17.587,0.58098,-24.164
30.3,-0.0012557,-0.066254,-0.035855,-0.9963,0.020426,-0.064582,0.0076172,1.1346,-18.816,1.1975,-7.453,-0.8209,18.867,-0.85425,-25.207,-0.010911,-0.069245,-0.034954,-0.99773,0.0393,-0.070596,0.014825,0.91764,-21.262,-0.48772,-5.7328,1.1394,17.95,-1.1508,-25.248
30.4,0.004192,-0.050425,-0.051703,-0.99524,0.031622,-0.057937,0.0026334,0.64741,-19.905,0.35114,-7.7595,1.0101,18.064,-1.5703,-26.057,-0.015127,-0.053404,-0.051902,-0.97318,0.030289,-0.066415,0.013707,-0.32691,-19.566,-0.045153,-6.1096,0.67495,17.387,1.2885,-26.415
30.5,-0.015842,-0.063358,-0.038634,-0.99658,0.035971,-0.056636,0.0088068,0.32043,-19.631,1.8652,-6.8969,2.1645,17.717,1.1321,-24.862,-0.022172,-0.063561,-0.031862,-1.0167,0.0377,-0.070367,0.0029906,1.1378,-18.923,-0.65758,-6.9157,-1.2573,18.456,1.1801,-25.884
30.6,-0.018291,-0.057716,-0.048473,-0.99393,0.029865,-0.065078,0.0060846,2.3657,-18.242,-0.36872,-7.7475,1.3404,17.908,0.75484,-25.828,-0.010648,-0.066057,-0.029239,-1.0013,0.028997,-0.064517,0.0044317,1.6776,-18.744,-0.36012,-6.921,1.9124,17.641,2.1707,-24.332
30.7,-0.01451,-0.058622,-0.048032,-1.0055,0.029229,-0.056812,0.011616,0.15254,-18.559,-0.9939,-8.2095,1.1587,19.458,0.79785,-23.451,-0.0046113,-0.05193,-0.020778,-0.98308,0.036363,-0.06178,0.0087343,-0.31551,-21.104,-2.1924,-6.6175,0.79998,18.746,0.37903,-25.285
30.8,-0.0026985,-0.052864,-0.045855,-1.0033,0.02832,-0.06124,0.0091638,1.1142,-19.152,-0.70346,-9.5559,0.22875,19.622,1.5629,-22.811,-0.018945,-0.069616,-0.032027,-1.0087,0.039028,-0.06723,0.003557,-0.20686,-18.777,0.02488,-8.9384,0.28692,17.38,3.1892,-23.304
30.9,-0.024879,-0.042725,-0.039728,-0.99146,0.027384,-0.060752,0.0048286,1.7529,-19.686,-0.05304,-8.2294,2.8026,19.298,-0.44371,-24.907,-0.02773,-0.036532,-0.027636,-0.99597,0.026405,-0.062599,0.0078561,0.41922,-17.703,-0.47114,-6.3915,1.109,20.202,-1.1608,-24.615
31,-0.01228,-0.055718,-0.038814,-0.98605,0.021987,-0.06806,0.0073365,1.544,-17.817,-0.99963,-8.2317,-0.1285,19.78,0.077199,-24.783,-0.010365,-0.056839,-0.035181,-1.0085,0.037537,-0.058241,0.0095256,1.9863,-19.199,-0.714,-7.3607,1.5805,24.228,-0.59606,-24.015
31.1,-0.023451,-0.04856,-0.047272,-0.99896,0.028698,-0.056649,0.0053076,2.1817,-17.692,-0.92347,-7.2045,1.7931,18.232,1.7812,-23.517,-0.018706,-0.045249,-0.025241,-0.99187,0.029607,-0.068504,-0.0020676,-0.26727,-18.577,0.66005,-8.0232,0.51621,20.783,0.72748,-22.44
31.2,-0.0055449,-0.037261,-0.040385,-0.99715,0.023828,-0.064117,-0.00076299,-1.2986,-17.436,-1.8529,-11.483,0.34432,20.645,-0.48758,-22.138,-0.031692,-0.040732,-0.053475,-0.9952,0.022249,-0.060013,-0.0070156,2.3253,-18.256,-0.13674,-9.2035,0.22211,20.653,1.3396,-21.105
31.3,-0.032767,-0.043803,-0.040481,-0.99238,0.029378,-0.051808,0.0029709,1.381,-17.737,-1.4779,-8.0785,1.4687,19.739,1.9471,-23.599,-0.026967,-0.032573,-0.048988,-0.99362,0.018352,-0.050693,-0.0050933,-0.24428,-17.876,-0.98522,-8.0015,-0.16883,17.899,0.35933,-21.511
31.4,-0.023942,-0.034306,-0.049879,-0.99821,0.033494,-0.060755,-0.0053793,1.4782,-16.955,-1.1507,-8.0641,-0.67312,19.994,0.25697,-21.274,-0.021298,-0.02378,-0.029323,-0.98926,0.030824,-0.046354,0.00026692,0.67215,-18.774,-2.3858,-8.7612,0.99224,21.553,0.030319,-21.032
31.5,-0.008083,-0.027477,-0.052216,-1.005,0.033976,-0.050163,-0.00030993,-0.16053,-17.244,-0.24405,-9.8482,0.82053,22.209,0.061653,-22.356,-0.026648,-0.018903,-0.053905,-1.0195,0.02079,-0.050133,-0.0038115,0.30058,-16.145,-0.98508,-11.128,0.94426,21.853,2.3388,-19.749
31.6,-0.035237,-0.030188,-0.026889,-1,0.030881,-0.052347,-0.0081552,0.54781,-17.057,-0.94464,-11.788,0.65922,20.798,0.72966,-22.604,-0.03268,-0.016121,-0.039444,-0.99426,0.026061,-0.048542,0.00028675,-0.66996,-15.538,-0.85941,-10.964,0.9241,20.806,0.37049,-20.292
31.7,-0.023681,-0.032867,-0.041194,-1.0031,0.026668,-0.042918,0.0072084,0.66392,-15.912,-1.1313,-11.103,-0.85188,19.11,-0.022213,-20.652,-0.027724,-0.015253,-0.038908,-0.99895,0.017016,-0.05088,-0.0085376,1.9659,-16.247,-1.5718,-9.9798,1.38,21.585,-0.2296,-20.735
31.8,-0.0077746,-0.0046841,-0.043318,-0.99503,0.036754,-0.051972,-0.00057401,0.70022,-16.669,-1.7118,-11.128,0.77931,21.597,0.97555,-20.26,-0.037096,-0.016924,-0.040564,-1.0026,0.030889,-0.039013,-0.0076373,0.79953,-14.194,-2.1655,-13.863,2.023,21.846,-1.0124,-21.175
31.9,-0.026137,-0.03582,-0.035687,-0.99841,0.024595,-0.045944,-0.0082126,1.8376,-15.369,-2.8168,-10.956,-0.00052203,21.956,0.45451,-19.341,-0.038912,-0.018825,-0.032635,-0.99548,0.024797,-0.03809,-0.0051733,0.058121,-14.653,-0.94877,-10.533,1.2846,21.798,0.30566,-21.038
32,-0.016272,-0.007446,-0.049528,-0.98332,0.023212,-0.042193,-0.0049677,-0.25584,-13.542,-2.1851,-13.917,1.0127,21.817,0.0017217,-22.066,-0.045742,0.0027493,-0.041523,-1.0067,0.025976,-0.036763,-0.0077258,2.0894,-14.06,-1.5851,-11.694,0.43049,21.601,-0.52887,-19.775
32.1,-0.024689,-0.021572,-0.058949,-1.0083,0.01516,-0.034598,-0.011788,0.021008,-15.863,-0.42264,-11.712,2.2289,21.285,2.2919,-19.538,-0.030113,-0.011075,-0.03463,-0.99461,0.010652,-0.046245,-0.0016229,-0.040233,-15.462,-0.21054,-14.308,1.137,22.461,1.0803,-19.106
32.2,-0.022943,-0.034875,-0.040344,-0.97949,0.023767,-0.047313,-0.018974,0.55888,-14.052,-1.5861,-13.264,1.5392,21.75,0.31608,-21.981,-0.04993,-0.017912,-0.02476,-0.99364,0.022495,-0.038202,-0.0094479,1.1664,-14.947,-2.3013,-12.454,1.1523,23.225,1.2035,-20.374
32.3,-0.030937,-0.023749,-0.058781,-1.0061,0.017927,-0.045159,-0.0063527,-0.32444,-15.484,-1.727,-13.048,0.96799,23.666,-0.49101,-20.732,-0.020722,0.0044164,-0.032403,-0.98682,0.019907,-0.039001,-0.011781,1.3833,-12.859,-0.87843,-12.766,1.6355,21.778,1.7588,-19.449
32.4,-0.045466,-0.030733,-0.01926,-0.97723,0.026971,-0.041194,-0.006646,0.86224,-13.297,-2.52,-15.235,1.3005,22.123,0.17132,-20.416,-0.044972,-0.014445,-0.031773,-1.0053,0.016298,-0.045171,-0.017703,0.23811,-12.27,-1.7722,-10.953,1.369,23.189,0.072305,-19.872
32.5,-0.03486,-0.010443,-0.047127,-1.0025,0.026684,-0.041019,-0.013506,-0.1045,-14.961,-0.9311,-14.02,1.3556,21.258,-1.2671,-17.463,-0.054936,-0.016169,-0.048093,-1.0231,0.023424,-0.043847,-0.0048907,0.64976,-15.149,-1.2236,-14.417,0.77776,22.307,-0.28848,-20.067
32.6,-0.048792,0.0027124,-0.035134,-0.98518,0.021961,-0.037178,-0.0069713,0.82389,-14.431,0.0028272,-13.719,0.177,22.326,0.36988,-19.106,-0.02206,-0.017864,-0.035613,-0.98756,0.016835,-0.035212,-0.015108,1.754,-13.273,-0.58306,-14.554,2.7628,21.046,-0.77063,-20.972
32.7,-0.043923,-0.028919,-0.033955,-1.0086,0.012142,-0.046676,-0.009197,2.1573,-12.035,-2.0218,-13.503,2.0745,22.396,1.5666,-19.573,-0.056464,-0.0026602,-0.04499,-1.011,0.012158,-0.039784,-0.016725,0.4048,-12.953,-1.1258,-15.273,0.70794,22.644,0.3344,-19.519
32.8,-0.034005,-0.0064908,-0.042428,-0.99472,0.016374,-0.040202,-0.012543,1.4412,-13.943,-0.31727,-14.957,1.8062,23.481,-2.5834,-19.613,-0.027829,0.0039063,-0.033742,-1.0049,0.017732,-0.039561,-0.020752,0.21476,-11.776,-1.0177,-15.486,0.090366,22.457,0.51231,-17.219
32.9,-0.064228,0.0061626,-0.035034,-1.0082,0.024164,-0.038029,-0.020854,0.80633,-13.122,-1.9358,-15.597,0.21947,24.631,1.691,-19.214,-0.042668,9.444e-05,-0.024023,-1.0063,0.010334,-0.024105,-0.0088959,1.9449,-13.501,-0.0078395,-16.006,-1.2979,24.234,1.1871,-20.676
33,-0.051207,-0.0051721,-0.037099,-1.0129,0.019629,-0.02964,-0.010328,1.3813,-11.558,-1.8909,-16.108,1.3883,22.771,1.0346,-19.099,-0.04869,0.0059637,-0.017961,-0.99576,0.015897,-0.039159,-0.017966,1.4223,-13.506,-0.41563,-17.627,0.85664,24.502,0.27421,-19.39
33.1,-0.024716,0.0044769,-0.03103,-1.0039,0.014934,-0.03602,-0.011359,0.58239,-10.95,-2.4605,-15.349,0.92997,24.432,-0.98907,-19.103,-0.038592,-0.012967,-0.03942,-0.99518,0.015551,-0.033274,-0.015888,0.71287,-12.56,0.79884,-18.526,3.5931,24.282,-3.4802,-20.93
33.2,-0.059507,0.016626,-0.040294,-0.98486,0.015892,-0.041562,-0.017021,0.9661,-10.983,-0.82835,-16.41,2.9653,23.962,0.27204,-21.322,-0.048327,-0.011473,-0.042674,-0.99166,0.011179,-0.029192,-0.016314,1.5121,-10.386,-1.939,-16.781,1.9975,23.615,0.28696,-19.067
33.3,-0.039971,0.027614,-0.017445,-1.0009,0.0056969,-0.026218,-0.01672,2.5511,-10.956,0.38838,-18.905,1.9884,25.148,-0.023434,-18.37,-0.061936,0.012861,-0.027536,-1.0092,0.0044906,-0.025886,-0.020225,1.8434,-12.598,-2.2341,-18.345,0.16256,26.107,-1.1628,-19.765
33.4,-0.048987,-0.0049629,-0.026318,-0.9863,0.010124,-0.039349,-0.014558,0.55784,-11.19,-2.0192,-15.845,-0.25337,24.127,-0.58282,-18.756,-0.049813,0.025231,-0.033966,-1.0078,0.015574,-0.0242,-0.015748,0.79074,-11.392,-0.40997,-18.193,-0.09675,25.993,-0.55342,-20.711
33.5,-0.040273,-0.0047641,-0.040538,-0.98937,0.0098318,-0.026784,-0.026135,1.0446,-11.25,1.0154,-19.454,2.5539,25.109,0.53013,-18.976,-0.04874,-0.0047141,-0.023112,-0.99716,0.0094615,-0.025888,-0.013123,0.78575,-9.4568,-2.2991,-17.394,0.78752,26.054,1.3674,-18.17
33.6,-0.038279,-0.0089336,-0.013072,-1.0084,0.0095449,-0.028503,-0.014696,-0.057979,-9.4083,-0.93746,-17.015,1.7908,25.233,-1.6229,-19.417,-0.064938,0.0092804,-0.031111,-0.99583,0.011196,-0.030708,-0.0116,3.0422,-9.8601,-1.4354,-18.939,-0.12091,25.709,-0.73995,-20.383
33.7,-0.062816,0.02147,-0.037229,-0.99064,0.0030252,-0.023836,-0.016107,0.45934,-9.3241,-1.2048,-20.045,0.71257,25.481,-1.1248,-18.337,-0.044685,0.0068622,-0.024197,-0.98997,0.0013168,-0.017576,-0.018372,1.8279,-10.442,-1.7812,-17.977,-0.81019,25.777,0.29672,-19.036
33.8,-0.033491,-0.0013585,-0.015402,-0.9878,0.0041783,-0.027381,-0.022644,0.95181,-9.8876,-1.1737,-17.6,0.29058,25.206,-0.016951,-18.916,-0.069007,0.018871,-0.022456,-0.99558,-0.0010816,-0.024358,-0.022791,0.58942,-9.623,-0.89152,-20.305,0.16012,26.367,0.24303,-18.667
33.9,-0.066529,-0.00038083,-0.015372,-1.0169,0.0099219,-0.026697,-0.022697,-0.2614,-9.5143,-0.77684,-18.719,1.2332,25.479,0.62396,-18.485,-0.051408,0.017424,-0.034736,-1.0067,0.0056808,-0.027331,-0.014224,1.578,-9.757,-1.2946,-19.291,-0.95804,26.122,-1.394,-19.223
34,-0.044382,0.027203,-0.016109,-0.98421,0.0016251,-0.026128,-0.016152,1.9138,-7.8198,-1.2051,-18.23,-0.47293,26.75,-1.626,-18.879,-0.03669,0.027598,-0.025382,-1.0013,0.010071,-0.012138,-0.023426,2.0844,-8.974,0.77021,-19.577,0.64809,26.045,-2.3384,-20.381
34.1,-0.055394,0.019867,-0.02364,-1.004,0.0014387,-0.021612,-0.014965,0.95101,-8.9363,-1.6882,-19.348,0.29102,26.099,-1.7677,-19.032,-0.032338,0.014127,-0.044623,-0.98859,0.0023718,-0.010831,-0.025723,-0.48043,-7.2735,-2.1902,-19.595,2.5452,25.122,0.090638,-16.821
34.2,-0.045719,0.012102,-0.031384,-1.0006,0.0044498,-0.027429,-0.017545,1.4999,-9.0008,-0.21419,-20.251,-0.0051454,25.518,0.81689,-17.98,-0.058557,0.032959,-0.014576,-0.99737,0.004276,-0.020889,-0.023147,0.70602,-7.2772,-1.3724,-21.652,-0.76054,25.226,0.62635,-18.957
34.3,-0.048946,0.016779,-0.021324,-0.99182,0.0064668,-0.027573,-0.011949,-0.28703,-8.9533,-2.1796,-19.186,-1.2729,26.374,-2.0239,-21.59,-0.042084,0.010665,-0.037184,-1.0038,-0.0085333,-0.024708,-0.020208,-0.56502,-7.3921,-2.6442,-20.289,-1.1924,25.742,-1.5876,-21.521
34.4,-0.047208,0.015059,-0.03224,-0.99443,-0.0017758,-0.015333,-0.030781,1.2366,-7.5435,0.48768,-21.14,-1.1616,26.24,-1.59,-20.252,-0.055187,0.018084,-0.023256,-0.98204,-0.0010961,-0.019721,-0.01129,1.5028,-6.9021,-2.5915,-21.237,0.61888,27.002,-1.8517,-20.203
34.5,-0.048517,0.0084572,-0.011457,-1.0145,0.00085538,-0.024226,-0.019885,1.9562,-7.8827,0.33638,-21.502,-1.0513,27.21,-0.5853,-20.759,-0.053485,0.018533,-0.021122,-0.98886,-0.0060032,-0.014212,-0.014172,1.7739,-7.3382,-0.97812,-21.106,0.18007,26.867,0.4263,-19.403
34.6,-0.045109,0.033501,-0.02436,-1.0053,-0.0012564,-0.016601,-0.017163,1.2136,-6.941,-0.86827,-22.736,-0.54728,27.81,-1.7955,-19.151,-0.053337,0.012996,-0.025922,-0.98288,-0.0011658,-0.020524,-0.01343,-0.41237,-7.4022,-1.7841,-24.324,-1.5935,26.88,0.097609,-20.619
34.7,-0.040401,0.021893,-0.024315,-0.99827,-0.0041248,-0.0091078,-0.017347,1.002,-7.7411,-0.99977,-22.425,-0.7043,27.369,-1.1261,-21.209,-0.048346,0.017278,-0.017221,-0.9934,-0.0010781,-0.021852,-0.012277,-1.1873,-7.7631,-1.2207,-23.848,-0.97823,26.022,1.386,-20.765
34.8,-0.062918,0.021538,-0.024307,-0.99227,0.003176,-0.015522,-0.014105,1.1673,-5.1726,-2.2045,-23.398,-0.0021816,27.579,1.5982,-21.006,-0.051965,0.018101,-0.011035,-1.0051,-0.0024081,-0.02447,-0.014721,0.96074,-5.4661,-1.4573,-24.707,-0.39005,22.744,-0.9323,-19.948
34.9,-0.065532,0.025824,-0.016789,-0.99033,-0.0081779,-0.011338,-0.01709,1.1149,-4.113,-3.1516,-23.725,0.48029,26.768,-1.9609,-20.707,-0.051285,0.032413,-0.013793,-0.98256,-0.0084053,-0.018722,-0.016492,0.30025,-6.2978,-1.9178,-23.387,0.4739,26.944,-1.0413,-19.562
35,-0.050963,0.025142,-0.02555,-1.007,-0.006607,-0.017773,-0.020774,2.0097,-5.9278,-1.9902,-21.914,0.29552,27.513,-0.53196,-19.078,-0.04019,0.020783,0.0029527,-0.98761,-0.011014,-0.028576,-0.015642,1.711,-6.2092,-1.021,-24.516,-0.68054,26.137,0.72101,-18.926
35.1,-0.050478,0.016621,-0.0050035,-1.0062,-0.0013015,-0.020375,-0.0079053,2.0716,-5.1316,-1.4364,-25.735,0.93364,26.405,-0.54222,-21.555,-0.045166,0.01191,-0.01432,-1.0097,-0.012016,-0.014415,-0.0083985,2.4852,-6.0314,-2.1783,-24.144,0.54364,26.436,0.3504,-20.908
35.2,-0.050064,0.034726,-0.014171,-1.0121,-0.0041754,-0.021202,-0.011702,1.7227,-4.1465,-0.075943,-23.055,-1.4768,26.037,-1.5047,-19.373,-0.032673,0.025559,-0.012115,-1.0072,-0.010549,-0.022196,-0.018392,0.26872,-3.9792,0.40953,-25.598,-0.38899,26.476,2.2927,-21.289
35.3,-0.043482,0.022837,-0.025909,-1.0136,-0.012745,-0.0126,-0.011562,0.48904,-4.803,-2.8124,-24.005,0.33759,27.493,-0.57852,-21.156,-0.043737,0.025187,-0.0025552,-0.99711,-0.0089556,-0.0053893,-0.015526,1.6329,-4.037,-0.17717,-25.971,-1.2281,25.003,-0.80446,-20.968
35.4,-0.042723,0.017162,-0.012209,-0.99699,-0.016217,-0.011184,-0.016762,0.034079,-5.0762,-0.89626,-25.874,0.83304,24.896,0.0036211,-19.634,-0.042779,0.020989,-0.027054,-0.99786,-0.011923,-0.010217,-0.014175,0.58004,-2.8825,-2.0528,-27.164,-1.2213,23.498,-0.078895,-22.564
35.5,-0.042135,0.030294,-0.008706,-0.99975,-0.010351,-0.016572,-0.01449,1.9172,-2.5521,-1.7908,-26.351,-0.86335,24.242,0.077071,-19.968,-0.046781,0.038694,-0.026802,-1.0051,-0.016059,-0.0022723,-0.0095953,0.61706,-4.657,-2.0882,-28.549,-0.29529,26.091,-0.52975,-21.699
35.6,-0.044756,0.027019,-0.0091044,-1.0013,-0.013399,-0.010261,-0.020865,0.2452,-4.2182,-2.1687,-25.205,0.21376,24.249,0.079485,-21.324,-0.058003,0.031571,-0.019286,-0.98523,-0.01618,-0.0087675,-0.011344,0.44953,-2.9368,-0.71303,-28.502,0.54016,25.293,-1.0958,-22.973
35.7,-0.023868,0.022255,0.0008679,-1.004,-0.012057,-0.011382,-0.0085593,0.92317,-3.1582,-1.4674,-25.006,0.45847,24.322,-0.21585,-20.568,-0.04293,0.030691,-0.0093846,-0.9844,-0.010075,-0.009094,-0.010151,1.476,-2.6595,-1.5505,-27.229,-0.54075,23.486,-0.33991,-22.996
35.8,-0.037826,0.033749,-0.02598,-1.0082,-0.018765,-0.0075718,-0.016127,-0.6939,-3.8069,-0.091819,-27.487,1.1092,24.687,0.26547,-21.672,-0.038756,0.044185,-0.0021826,-0.98572,-0.014479,-0.0010333,-0.0062367,1.0369,-3.2514,-2.1525,-28.41,-1.3591,24.534,1.5532,-24.374
35.9,-0.03951,0.030532,-0.0061978,-0.99306,-0.016425,-0.0058182,-0.01089,1.7102,-1.6642,-0.95868,-25.971,-0.85138,23.41,-1.8083,-23.116,-0.038769,0.020617,-0.021151,-0.98204,-0.014817,-0.0060411,-0.0063982,2.7507,-4.5836,-1.3185,-28.522,-1.0087,23.404,-0.14211,-22.346
36,-0.04593,0.035592,-0.015432,-0.99515,-0.016106,-0.0020232,-0.0063074,-1.3984,-1.6622,-2.4888,-27.375,-1.6408,24.127,0.35597,-20.711,-0.059263,0.015845,-0.020477,-0.97634,-0.026999,-0.0035306,-0.0060244,0.45275,-1.5173,0.75428,-28.888,0.65758,24.039,0.68064,-22.505
36.1,-0.033637,0.048041,0.0018339,-1.0065,-0.0087233,-0.0087018,-0.010196,0.2786,-0.54991,-0.58402,-27.689,-0.41757,24.348,-0.50458,-20.408,-0.046554,0.034587,-0.0046764,-0.99445,-0.016627,0.0024199,-0.016909,1.1651,-0.68007,0.27618,-29.188,0.041489,22.602,0.40568,-21.389
36.2,-0.042549,0.031115,-0.0084795,-0.98944,-0.022274,0.001373,-0.0043535,1.1051,-0.3577,0.29419,-28.308,0.11492,25.097,0.72298,-20.498,-0.044089,0.021639,0.012395,-0.99755,-0.015423,0.0011625,-0.0022181,-0.13321,-0.747,-0.4308,-28.577,-0.89045,22.496,0.65033,-21.568
36.3,-0.043291,0.024378,-0.017874,-0.98346,-0.015976,0.0051424,-0.012296,2.0431,-2.0093,-0.42514,-28.426,0.14355,25.033,0.81729,-19.524,-0.036489,0.0058082,-0.022868,-0.99963,-0.02515,0.0049617,0.0025494,0.30912,-0.6044,0.32999,-30.997,0.36752,23.442,0.49192,-20.434
36.4,-0.041848,0.029249,-0.015621,-0.99181,-0.023176,-0.0075293,-0.019633,0.12751,-0.76306,-2.0883,-28.454,0.48035,22.501,1.1652,-21.061,-0.035917,0.016293,-0.0011756,-0.99667,-0.026736,0.01211,-0.014006,2.0216,0.75305,-0.76793,-30.073,-0.32907,23.71,0.074756,-21.698
36.5,-0.041274,0.030175,0.0097373,-0.98598,-0.028694,0.0027421,-0.0050699,1.8039,0.56,-1.2571,-28.657,1.0182,22.604,-0.91162,-21.478,-0.047477,0.029655,0.009614,-1.0031,-0.021195,0.0047446,0.00046395,0.4558,-2.5317,-1.6497,-30.738,0.50289,23.267,0.97055,-21.193
36.6,-0.041603,0.017465,-0.01787,-1.0118,-0.012417,0.00069616,-0.01501,0.96769,-0.6479,-0.17211,-29.198,0.27928,22.772,0.00014564,-21.385,-0.032474,0.02443,0.0068866,-0.99459,-0.03775,0.0042126,-0.014197,0.023109,-0.78926,-0.16258,-31.193,-0.54668,22.978,2.3377,-20.739
36.7,-0.026585,0.032941,-0.0020275,-0.98733,-0.02842,0.0018209,-0.013574,2.1355,-0.11101,0.042109,-31.226,-0.44039,21.276,-0.18197,-19.467,-0.028247,0.022191,-0.021894,-1.0087,-0.022516,0.0058234,-0.009503,-0.2868,0.86442,-0.0051721,-31.626,0.29632,22.72,0.0097737,-21.11
36.8,-0.012738,0.02336,0.0053,-0.98169,-0.026297,-0.00020142,-0.0035695,3.4354,0.35393,-2.0577,-30.344,-0.53986,23.326,-0.23525,-21.174,-0.042249,0.027907,-0.000521,-1.0255,-0.022605,0.0063631,-0.013895,2.6081,0.5191,-0.59593,-32.793,0.24565,23.751,0.068863,-20.999
36.9,-0.03128,0.036514,0.0060533,-0.98001,-0.021089,-0.0032504,-0.013,1.2712,0.62961,-1.0506,-28.701,-1.2462,20.326,-0.29736,-20.223,-0.040778,0.014904,0.0069436,-1.0092,-0.023285,0.0013503,-0.0030003,0.8531,-0.3297,-1.0735,-32.898,-0.53853,24.311,1.3996,-21.585
37,-0.027537,0.034623,-0.0076964,-0.9901,-0.025806,0.0060083,-0.0094023,2.2157,0.82325,-0.017358,-30.511,-1.7237,22.06,0.14981,-19.833,-0.043928,0.03855,0.00088318,-0.99328,-0.015536,0.010966,-0.0068087,0.58515,2.181,-1.7362,-35.916,-1.19,21.881,0.18312,-19.353
37.1,-0.033395,0.018295,-0.0026498,-0.99031,-0.026486,0.012093,-0.01002,1.8599,0.95362,-1.7005,-30.395,-1.6804,21.251,0.52081,-19.205,-0.033815,0.014462,-0.013171,-0.99813,-0.024443,0.0092523,-0.0064392,0.088151,2.6595,-4.0335,-33.909,-1.3222,19.321,0.64695,-20.659
37.2,-0.054729,0.02568,-0.0095473,-0.98717,-0.035717,0.016512,-0.010882,1.4222,1.0507,-1.2809,-32.482,-2.6643,20.552,3.005,-19.246,-0.041034,0.01906,-0.0081707,-1.0001,-0.035132,0.01502,-0.010298,0.851,1.4506,-0.48168,-33.118,-2.1539,20.386,0.54765,-19.473
37.3,-0.034516,0.024778,-0.0026676,-1.0304,-0.018251,0.0094322,-0.0018689,1.0335,1.4139,-0.8103,-32.354,-1.8801,21.061,2.4273,-20.003,-0.046382,0.029998,-0.0094493,-1.008,-0.0288,0.009485,-0.00019505,0.34032,1.3588,-1.1647,-34.074,-1.6929,21.345,1.0388,-20.838
37.4,-0.011061,0.030002,0.0060627,-1.0007,-0.026263,0.015309,-0.0052453,0.81274,3.0415,-1.5027,-33.465,-0.060296,20.215,-0.1908,-17.976,-0.021526,0.024788,0.012681,-0.98767,-0.023441,0.01942,-0.0069853,0.95289,1.3992,-0.94297,-35.622,-1.7341,21.359,2.0154,-17.43
37.5,-0.019771,0.027323,0.0072443,-0.99905,-0.022445,0.008789,0.0030414,0.95648,3.21,-1.0082,-33.7,-0.32924,20.511,0.21936,-19.648,-0.025454,0.019432,-0.012447,-0.97422,-0.03668,0.016766,0.0006741,-0.04495,1.906,-0.78398,-33.551,-1.8166,19.593,0.57999,-19.488
37.6,-0.032176,0.020308,-0.0098197,-1.0072,-0.021949,0.01793,-0.00025325,-1.8905,3.0849,-1.5874,-33.461,-0.15387,19.887,1.5412,-16.883,-0.031306,0.022102,-0.0042981,-1.0016,-0.023658,0.022998,-0.010415,-3.0737,0.55551,-3.6137,-36.048,-0.29615,18.012,0.72113,-17.461
37.7,-0.014265,0.041978,0.005891,-1.0095,-0.027752,0.017962,-0.0050392,-1.6431,2.7772,-3.3776,-35.073,-2.1334,20.258,0.21012,-19.055,-0.026892,0.023908,0.0026395,-1.0009,-0.021586,0.022951,0.00082401,0.89372,0.98675,-0.37031,-34.832,-0.46583,19.527,-1.2547,-20.034
37.8,-0.036572,0.031666,-0.010328,-1.0127,-0.016266,0.023679,-0.0040877,-0.55921,0.36418,-1.9294,-36.722,-0.57552,17.355,-0.62053,-16.077,-0.027654,0.024235,-0.010457,-0.99881,-0.019588,0.018307,-0.014094,-1.6534,-0.72953,1.3234,-35.169,-0.46295,20.302,-4.1529,-21.019
37.9,-0.026074,0.024357,-0.0063437,-0.99091,-0.019269,0.015101,-0.0020645,-0.46339,-0.62446,-2.2137,-35.214,-0.93452,17.275,-0.19799,-17.72,-0.030556,-0.0015512,0.0020632,-0.99695,-0.017337,0.013961,0.0096605,-3.9868,-0.48826,0.0029798,-35.398,1.4069,18.384,0.59779,-18.225
38,-0.010541,0.01943,-0.0121,-0.99941,-0.012102,0.027096,0.0075992,0.57694,-0.6527,-1.3803,-33.138,-2.2215,18.769,0.36697,-16.04,-0.0241,0.016494,0.0021135,-0.98897,-0.011623,0.025031,-0.0065882,0.13802,-0.23443,1.6093,-34.519,0.26948,19.667,-0.97037,-19.424
38.1,-0.031332,0.019958,0.004037,-1.0049,-0.012527,0.02487,-0.00028984,-0.82528,-0.25999,-1.2462,-35.478,0.90335,17.835,-1.2617,-17.157,-0.0073815,0.010043,0.011143,-1.0046,-0.018537,0.013831,0.002333,-3.6456,-0.38848,-1.3178,-34.326,2.6639,20.112,0.94642,-17.843
38.2,-0.014684,0.0069619,0.0093776,-0.99763,-0.017854,0.021974,-0.0012935,1.482,-1.7137,0.51194,-34.57,1.9669,17.592,1.3252,-17.073,-0.022414,0.015311,0.0008827,-1.0227,-0.01902,0.010333,-0.011804,-0.38579,-1.1941,-0.49255,-33.408,-0.42596,21.192,-0.6703,-18.853
38.3,-0.019682,0.020996,0.004588,-1.0144,-0.019803,0.020158,-0.0044149,-1.7358,1.3687,2.4375,-34.609,0.75708,16.01,2.2479,-17.728,-0.019798,0.012903,-0.0086105,-0.99886,-0.017313,0.011861,-0.00074172,0.71139,-2.7408,0.83268,-34.762,-1.0119,18.486,-2.0544,-20.091
38.4,-0.005418,0.03127,-0.012064,-1.0049,-0.02976,0.021569,0.0011149,-1.024,-1.2193,-0.41288,-34.453,-0.2109,17.036,-1.1621,-17.758,-0.031697,0.02247,0.013744,-0.99209,-0.015564,0.0080783,0.0020473,-0.84651,-1.8854,0.19282,-34.4,0.26043,20.539,-0.37162,-19.907
38.5,0.0011194,0.013329,-0.0020925,-1.0159,-0.0089792,0.02854,-0.0016413,0.39142,-0.89155,1.1276,-32.806,0.29478,16.551,-2.4051,-17.78,-0.0031864,0.015249,-0.0079682,-1.0035,-0.01054,0.016148,-0.0077523,-2.3215,-2.1405,-0.83725,-32.176,0.23509,20.46,-0.81247,-18.934
38.6,-0.022426,0.018768,-0.0095116,-1.0046,-0.027338,0.018911,-0.0055938,-2.0891,-1.7444,2.1078,-35.993,0.51944,18.461,-1.3347,-18.262,-0.026119,0.006807,-0.0026104,-1.0046,-0.011932,0.0065679,0.0018888,-1.5546,-0.7134,-0.63147,-33.797,-0.29878,21.383,0.68572,-19.758
38.7,-0.018165,0.012104,-0.0023899,-0.98878,-0.018978,0.01254,-0.0015484,0.39738,-1.6224,0.58128,-33.223,0.61282,17.047,0.45242,-18.934,-0.010476,-0.0109,0.019606,-1.0003,-0.012529,0.0079459,0.00014816,1.4263,-2.2985,0.56302,-31.443,-0.37318,19.504,-1.2086,-21.371
38.8,-0.015332,1.5452e-05,-0.011133,-0.99836,-0.012061,0.016405,-0.0043552,0.33895,-1.8486,1.4881,-34.144,0.54085,18.237,0.23436,-17.681,-0.038851,0.0082531,-0.0017199,-0.99965,-0.013865,0.0083514,-0.00050181,0.62134,-3.7627,1.8489,-35.183,0.025022,19.262,-1.889,-20.755
38.9,-0.019107,0.016092,0.0073281,-0.99953,-0.013017,0.023131,0.0011614,-0.62877,-1.4387,-0.60617,-32.523,2.4842,17.972,-0.13718,-20.291,-0.011589,0.018709,-0.010231,-0.98979,-0.019099,0.017403,0.00068785,0.67943,-3.035,-0.52327,-33.408,-1.1562,19.281,-1.1718,-20.031
39,-0.022777,0.025791,-0.007997,-0.99677,-0.015381,0.0095202,-0.0071242,-0.38093,-1.6395,-0.38545,-32.6,1.0054,19.126,-0.93835,-16.116,-0.0077198,0.012176,-0.0037305,-0.99449,-0.016159,0.016785,-0.0039088,-1.0503,-1.9849,-0.18264,-32.185,-0.089726,18.418,0.48392,-19.122
39.1,0.00075935,0.018639,0.0035844,-1.0019,-0.010493,0.013899,0.0016949,-1.2343,-1.7056,0.67042,-34.421,-0.0483,17.768,-1.0484,-17.75,-0.0075923,0.020379,0.0058715,-1.0025,-0.0029472,0.011182,-0.0039281,-0.45256,-4.3104,-1.301,-34.955,0.63262,18.99,0.7107,-20.527
39.2,-0.017642,0.018591,0.01257,-0.99282,-0.011289,0.0073418,0.0043334,-0.3947,-0.91758,-1.5098,-33.25,-0.1599,17.644,-1.2906,-18.182,-0.010862,0.0015374,0.0037688,-1.0036,-0.010057,0.0108,-0.0044769,-0.72998,-4.135,-0.53791,-32.67,0.14084,18.883,-0.13581,-19.84
39.3,-0.013505,0.015256,-0.016067,-0.98384,-0.0074764,0.0098852,-0.0025157,-0.52973,-4.035,0.82109,-31.179,0.5439,14.97,1.221,-17.45,0.0047122,0.0264,0.014477,-1.0064,-0.0080734,0.0088306,-0.0010853,0.069716,-2.608,-0.48523,-32.46,-0.65407,20.316,-2.3993,-18.938
39.4,-0.011366,0.0088815,-0.013061,-0.99618,-0.0022586,0.017306,0.0019246,0.56194,-3.248,0.731,-31.732,-1.0342,17.499,0.30119,-18.076,-0.017129,0.0095994,-0.011396,-0.99155,-0.0031715,0.0017739,0.0050526,-0.63294,-4.6252,-1.5888,-31.513,-0.43914,19.858,1.6015,-19.347
39.5,0.0010295,0.0044772,-0.017097,-1.0018,-0.013007,0.0076529,-0.0046106,-0.80613,-4.2991,2.8973,-33.783,-2.4249,17.626,-1.4724,-18.021,-0.0082528,0.0022799,-0.010947,-1.0132,-0.0074704,0.010109,-0.0091908,-0.5023,-2.6199,-0.0028819,-32.598,2.2902,17.846,1.4689,-18.91
39.6,-0.0061641,0.0049885,0.0062295,-0.98857,-0.0080734,0.0088604,0.00042275,-2.0235,-2.3529,1.1123,-31.42,-0.46319,17.638,-0.095858,-16.989,-0.0088711,0.0096263,-0.00020006,-1.0012,-0.015303,0.0079448,0.0056848,-0.82293,-3.6837,1.2294,-29.404,0.70564,17.384,2.1493,-18.629
39.7,-0.002624,0.006205,0.0094846,-0.99875,-0.010549,-0.0015681,-0.012474,-3.3246,-3.0587,0.77205,-32.259,0.19699,18.799,0.97518,-18.761,-0.0013286,0.0096034,0.0047456,-0.99446,-0.00035957,0.01277,-0.0018982,-1.0255,-4.6341,3.0589,-32.287,-1.072,18.737,-0.44111,-19.291
39.8,-0.0061807,-0.0094057,0.019237,-1.0085,-0.0029567,0.0050596,0.0018451,-0.7064,-1.79,-0.21581,-30.624,-0.11448,18.25,1.5668,-19.325,0.005455,-0.0037759,0.0015539,-1.0001,-0.0026601,0.0026112,0.001467,0.097205,-4.2003,-0.79048,-35.177,-0.19102,18.291,-1.607,-18.515
39.9,-0.018098,0.0031899,-0.0022721,-0.99295,0.0036315,0.010147,0.00042283,-0.92544,-3.5314,1.3076,-30.388,0.63998,17.971,0.17618,-18.709,-0.0031834,-0.00021058,0.0068505,-0.99279,-0.009238,0.0048923,0.0030114,-1.6451,-4.8007,1.803,-30.964,-0.56778,17.682,0.021792,-20.265
40,-0.0031581,0.03094,-0.00016397,-1.0193,-0.011377,0.011157,-0.0067087,1.2865,-2.6891,0.56203,-31.525,-0.90997,17.475,1.1687,-19.019,0.0014048,-0.0023458,0.0082281,-1.0012,0.0014089,0.0036142,-0.0050055,-2.3344,-5.0082,1.1243,-30.61,-0.083836,19.348,0.9081,-17.983
40.1,-0.00017062,-0.0014162,0.017146,-1.0066,-0.01276,0.0090624,-0.0048993,-0.69724,-2.0809,-1.1774,-32,0.74511,17.993,0.40852,-19.261,-0.00059699,0.0087424,-0.0066706,-1.013,0.0023381,0.010163,0.0023848,-0.26133,-4.5658,-2.0381,-30.036,-0.16798,20.654,-0.0092736,-19.614
40.2,-0.024033,0.0074731,-0.0011608,-0.98428,-0.010533,-0.0010065,0.0073775,-0.4599,-4.1771,-1.3062,-31.858,-0.14881,18.418,1.225,-19.779,-0.015488,0.020828,0.0044385,-0.99257,-0.0035688,0.014375,-0.0031741,0.70545,-3.6838,1.3917,-31.621,-1.628,18.754,-0.83299,-18.502
40.3,0.0071639,0.031822,0.011789,-0.99387,-0.0043997,0.0053885,-0.0044997,0.030285,-4.1024,0.31642,-33.183,0.24905,18.645,-1.1134,-18.404,0.0065879,0.0022952,-0.00857,-1.0071,-0.012373,0.0026534,0.0068692,0.082037,-4.1099,-0.64252,-30.899,1.0908,19.107,-2.7043,-18.7
40.4,-0.0016883,0.016455,-0.00036241,-0.99728,-0.015343,0.0053158,0.010327,0.76898,-3.3834,1.009,-30.488,-1.8714,18.467,-0.4674,-18.309,-0.0024415,0.0068429,-0.015359,-0.99445,-0.0036154,0.001403,0.00080467,-0.74585,-2.354,-0.20321,-32.685,0.058092,18.782,-1.1734,-22.303
40.5,-0.0092934,0.023325,0.010003,-1.0091,-0.0059102,0.0077552,0.016656,0.98154,-4.9774,1.2013,-32.233,-0.35651,17.253,-1.9705,-15.121,-0.006224,0.020511,-0.0039915,-1.0119,-0.00405,-0.0018003,-0.0020239,-1.6025,-5.9523,1.7467,-30.6,0.11825,19.406,1.5948,-19.852
40.6,-0.022858,6.909e-05,-0.000971,-0.99043,-0.0088597,0.017577,0.0041097,-3.1323,-4.6659,2.5437,-28.789,-0.25018,19.958,-0.71557,-19.379,0.0024795,-0.0014717,-0.015448,-1.0092,-0.013185,-0.005012,0.0088182,-1.4779,-5.6829,-0.59375,-30.07,-0.46759,19.593,-0.39013,-18.549
40.7,0.0053026,0.0062205,0.011099,-0.99608,-0.0070114,0.010372,0.00021592,-1.3217,-5.4046,0.80773,-29.969,1.2909,17.752,0.96737,-18.907,-0.010811,-0.0034895,0.012755,-0.99568,-0.0048916,-0.0057931,-0.0010168,-1.464,-4.4372,-1.2163,-32.994,0.17345,20.986,0.58502,-20.672
40.8,0.00045388,0.0092101,0.0063892,-0.99195,-0.0071369,0.0018285,-0.0079273,-1.0174,-5.5485,-0.77983,-32.009,0.10482,18.057,0.57348,-18.45,0.0056508,0.0090773,-0.0062436,-0.99715,-0.0041131,0.0068954,-0.0035081,0.063616,-6.0205,0.11306,-31.745,-0.84814,18.275,-2.4109,-19.726
40.9,-0.016736,0.0093495,0.0011358,-0.99519,-0.0024262,0.010196,0.0008193,-0.64347,-5.6464,-1.6224,-31.222,-0.9179,18.758,-1.8102,-17.179,0.0058211,0.0064173,0.0035499,-1.0043,-0.010868,-0.00093118,0.013298,2.2649,-6.0305,-0.56148,-31.789,1.5823,17.045,-1.3717,-19.344
41,-0.0040108,0.00094096,0.0027984,-0.99725,-0.0083462,0.008024,0.0051095,-0.75033,-3.6,-0.26703,-30.454,-1.4865,17.359,-1.4975,-17.114,-0.0075539,0.0020644,-0.0080955,-1.0095,-0.0026118,0.0011092,-0.01244,0.24676,-4.7529,1.1785,-32.478,0.62786,18.575,1.2719,-21.125
41.1,-0.01568,0.014453,0.024898,-1.0133,0.00095354,0.010266,-0.0015706,-0.8726,-5.3504,0.47828,-29.358,0.75463,17.244,-0.38856,-19.404,0.0021071,0.011043,-0.0061276,-1.0076,-0.0061942,1.6035e-05,-0.0046526,-1.5158,-4.3218,-1.3281,-30.576,-0.99878,21.471,-0.6198,-19.584
41.2,-0.015308,-0.0013288,0.009906,-0.9974,0.005966,0.0082557,-0.0019931,-1.8193,-1.8816,0.65648,-29.08,0.21769,17.447,1.0763,-17.607,-0.0052894,-0.0090849,0.0065738,-0.98602,-0.0091653,-0.0026578,-0.0027093,-0.40004,-4.2384,-1.4894,-30.875,1.1401,19.388,-2.4581,-18.365
41.3,0.0058609,-0.010913,-0.015121,-1.0031,-0.010408,0.0069909,-0.0053304,0.23921,-5.9264,-1.7814,-30.377,1.3913,18.373,1.0738,-17.404,0.0004655,-0.013769,-0.0095014,-0.9931,0.0065753,0.0066145,0.009605,1.0602,-7.7116,-1.2442,-32.321,1.8153,19.778,-0.96499,-19.607
41.4,-0.0078735,0.007216,-0.01494,-0.98593,0.0029034,0.0053847,0.00094095,0.71137,-5.8925,-0.48715,-31.257,-1.5933,16.83,-0.5603,-17.853,-0.0025381,-0.00054219,-0.012256,-1.0051,-0.0017,0.0037031,0.00037102,0.13603,-5.1027,2.8872,-30.895,-0.8769,18.248,-1.9234,-20.061
41.5,0.013832,0.0012039,-0.0044864,-0.99454,-0.00061827,0.0096543,0.00096127,0.3772,-5.0765,1.0102,-30.863,-1.6725,17.444,0.84897,-18.171,0.012843,-0.0080582,0.0034694,-0.99618,-0.0040644,0.0021494,-0.003272,-0.48877,-5.8662,0.28397,-29.331,-0.41277,18.831,-0.15991,-18.903
41.6,-0.0072478,0.0090731,0.0011913,-1.0138,0.00076287,0.0059645,0.0035928,-0.59479,-2.7708,-0.14566,-30.418,-1.6116,17.923,-1.1491,-20.199,-0.010855,-0.0013014,-0.0096937,-0.99645,0.0015354,0.0076624,0.010396,-0.28028,-5.9109,-0.9627,-30.92,2.8763,18.906,-0.65005,-20.596
41.7,-0.018247,-0.0043535,-0.011724,-1.0127,-0.01768,-0.0021069,0.0012659,-1.3963,-2.8578,1.4121,-29.911,0.21819,17.37,2.1548,-19.014,-0.012884,-0.036242,-0.014966,-1.0065,-0.005779,0.011184,0.0071475,0.28028,-6.4088,0.99436,-30.985,0.75804,19.031,1.8335,-19.108
41.8,0.0037339,-0.0031439,0.0058939,-1.0029,0.0032633,-0.00031368,4.3784e-05,-1.0537,-4.3785,0.56611,-30.098,-0.15315,17.046,1.5769,-17.378,-0.0222,0.017142,-0.011931,-1.003,0.0055318,0.0068273,-0.00096099,2.0348,-4.3234,-1.441,-30.753,-0.507,19.08,0.35869,-19.39
41.9,0.0039265,0.013176,0.022184,-0.98982,-0.0050151,0.0049966,0.0043357,-0.3818,-5.6231,-0.84051,-30.037,-1.164,16.895,0.34531,-17.319,-0.0095939,-0.0045771,0.0064275,-0.99632,-0.0079202,-0.0097809,0.0056035,0.66824,-6.3026,2.0378,-31.768,1.1595,20.083,-1.0198,-19.383
42,-0.014188,0.0086785,0.0032646,-1.006,-0.0033603,-0.0012407,0.0022039,1.9145,-5.0289,0.69189,-30.272,0.81186,17.686,-1.6516,-18.797,0.00065431,-0.011169,0.0070773,-1.0125,-0.0068485,0.003984,0.006725,0.45335,-5.6561,0.18137,-32.177,-0.80463,18.251,2.0336,-19.42
42.1,0.0060386,-0.015134,-0.012721,-0.99698,0.0040392,0.0019947,-0.002868,0.64738,-4.5325,1.4859,-29.853,0.76894,18.889,0.20656,-16.2,-0.004241,0.010001,0.013444,-0.9968,-0.0022206,0.005772,-0.0033711,-1.0089,-4.2695,-0.55431,-31.257,0.85468,18.261,0.74226,-18.971
42.2,-0.0038377,0.0036433,-0.00020809,-0.99452,-0.0017892,-0.002345,-0.00041526,0.69254,-4.7846,-1.2855,-31.364,1.8422,18.529,-1.1169,-18.071,-0.0016135,-0.012694,-0.0017069,-1.0031,0.0069996,0.01192,-0.0036021,-0.68273,-6.3978,0.039734,-31.043,0.04207,20.111,0.95439,-18.164
42.3,0.0048754,-0.0055934,0.0088516,-0.99246,0.0025853,0.0055738,0.01002,-0.36404,-4.6217,-1.4696,-32.807,-1.3848,19.171,2.0062,-18.03,-0.0020716,-0.013041,0.0054981,-0.99484,-0.0046968,0.0023115,-0.0024971,0.63451,-4.0151,-0.29047,-33.419,-2.169,17.595,0.60783,-19.455
42.4,-0.005208,0.015136,0.018112,-0.99994,0.0045586,0.0055758,-0.0041913,1.0252,-6.5056,-0.16396,-30.382,1.1253,18.475,0.76501,-15.15,0.016517,-0.010687,-0.0093393,-1.0087,0.0032924,-0.0055759,-0.0026618,1.172,-5.0943,1.2283,-33.145,-1.2806,19.138,-2.6974,-17.956
42.5,-0.010128,0.0064316,0.0091525,-0.98753,-0.0040231,0.008769,-2.4553e-05,2.8253,-5.3398,0.88609,-29.222,0.19758,17.367,0.45112,-19.228,0.020522,-0.0016742,-0.00073264,-0.99524,-0.0018845,-0.0017714,-0.0069381,1.3573,-7.1663,-0.088828,-32.926,-0.42053,18.006,-0.40203,-19.629
42.6,0.0076421,0.0093574,0.0090949,-0.9881,-0.0024282,0.0050988,-0.0099896,-2.0942,-5.4909,0.11692,-29.84,1.4879,16.954,-0.19085,-17.264,-0.0033196,-0.0021909,-0.0072788,-0.9975,0.0028742,-0.00071314,7.0415e-05,-2.0687,-6.2861,-1.3924,-30.804,-0.092413,20.344,0.99482,-19.502
42.7,-0.0039643,-0.0039161,-0.0037905,-1.0212,-0.0019817,0.0053199,-0.00097068,0.44942,-5.8407,-0.24862,-29.006,0.0057818,17.389,-0.073209,-18.897,-0.012872,0.0044746,-0.011102,-1.0025,-0.0031065,0.00408,0.0010265,-0.27572,-6.5058,-0.6573,-32.735,0.86195,18.388,0.2955,-17.357
42.8,-0.0027707,0.014646,-0.0024929,-0.99348,-0.0013586,0.0049016,-0.0067687,0.30901,-4.765,-1.2219,-28.637,0.55717,18.629,-2.2426,-16.503,0.0035937,-0.0026346,0.0042969,-1.0136,0.00092024,0.00043456,-0.002957,1.5819,-6.1078,0.45351,-32.467,0.88213,19.205,-0.49037,-19.526
42.9,-0.0013988,-0.01944,-0.0039267,-0.99214,-0.0019457,0.0078906,0.0012645,2.641,-5.9743,1.0111,-30.818,-0.84848,16.503,0.28374,-17.705,-0.015863,0.018678,0.0026139,-1.002,0.0031203,0.0030584,-0.0085725,-1.2539,-4.6585,0.42436,-31.644,-1.6023,18.176,0.48914,-19.856
43,-0.010399,-0.013835,0.019736,-1.0009,-7.1214e-05,0.010519,-0.0041052,0.29485,-4.2277,0.44671,-32.228,-1.1353,17.941,-1.9019,-17.94,-0.006573,-0.0045596,0.002359,-0.99974,-0.0024858,0.0026575,-0.00064484,-1.3881,-5.2397,-0.81555,-31.755,1.2059,18.149,-0.82965,-17.88
43.1,-0.0004798,0.0073946,-0.0097309,-0.97704,-0.010983,0.0072258,0.010916,-1.6281,-4.9115,1.7343,-31.679,1.1541,18.758,0.052302,-16.086,-0.0056285,-0.0081978,-0.002237,-0.98611,0.0070247,0.005668,0.00071294,-2.9306,-6.2112,-0.29112,-30.947,0.80977,19.434,0.85444,-19.474
43.2,0.0025916,-0.016905,-0.0062575,-1.0011,-0.0036819,-0.0033408,0.004117,-0.97167,-3.9947,-1.2239,-32.059,1.5265,17.025,-0.38844,-18.634,0.014728,-0.016382,-0.0086253,-1.0055,-0.001709,0.0013161,0.00303,0.31591,-3.945,-0.28778,-32.294,1.4004,18.341,1.3738,-20.811
43.3,0.0014768,-0.0046939,-0.014172,-1.0119,0.0021155,-0.0043094,-0.00068455,0.29753,-2.5179,-2.4005,-31.764,1.0688,19.524,0.19209,-15.879,-0.0017659,0.01702,0.0015532,-0.98393,-0.0040358,-0.00046286,0.0012794,1.2386,-7.1348,1.0133,-31.209,-1.1912,20.58,-1.1236,-19.575
43.4,0.019261,0.027685,0.011142,-0.9983,-0.0065266,0.0051543,0.0040162,-0.35497,-5.0633,0.57194,-31.733,-0.81083,17.515,1.6542,-16.69,-0.014887,0.016078,0.00049983,-1.0074,-0.0016641,-0.0083628,-0.0022235,-0.72571,-5.9483,0.34273,-32.094,-0.52979,19.575,-1.7003,-18.379
43.5,0.0094693,0.001984,-0.0044901,-1.0083,0.0025305,-0.0094075,0.002162,2.5348,-3.6765,-0.51113,-30.95,-1.7266,18.629,0.16681,-16.843,-0.016394,-0.00191,0.0031524,-1.0048,-0.0045663,-0.000632,-0.0019518,1.0962,-6.0113,-0.89056,-29.869,-0.1547,19.03,0.42582,-20.513
43.6,-0.0022422,-0.0069135,0.0041421,-0.98685,-0.010531,0.013184,0.0030045,0.84586,-5.8553,1.3944,-30.269,1.434,17.997,-1.6151,-18.695,-0.0055483,-0.011799,-0.00080839,-0.99756,-0.0053173,-0.0018486,0.002683,-2.072,-5.5328,-0.66173,-29.735,0.10541,17.093,1.598,-18.111
43.7,0.019209,0.0038264,-0.0091982,-1.0037,-0.0056919,-0.0011198,0.0062923,-0.62044,-6.9638,-1.3032,-31.337,-1.6234,18.973,-0.64862,-18.008,0.017258,-0.014347,0.010316,-1.0057,0.0012502,-0.0031046,-0.010132,-1.0561,-5.1512,-1.5389,-30.049,0.31457,18.264,1.8987,-17.917
43.8,-0.01465,-0.00073476,-0.0065267,-0.98031,-0.0044345,0.001653,0.0058334,-0.65135,-6.1412,0.32936,-31.254,1.0053,19.072,0.42371,-19.449,-0.0022051,-0.0085695,-0.0010676,-0.98342,-0.0033877,-0.0017339,0.0047163,1.1669,-4.142,-1.2598,-32.612,-1.0817,20.619,0.24958,-17.663
43.9,-0.0067832,0.0035233,-0.0035367,-0.98446,0.0014794,0.0028328,-0.00072802,0.1287,-4.561,0.094599,-31.193,1.1186,18.277,1.2279,-16.065,-0.02192,-0.00483,-0.0025491,-0.98315,0.00092457,-0.0073867,0.0075324,1.0478,-4.8734,0.088486,-29.563,-0.95149,18.935,-1.7493,-18.887
44,0.010799,-0.0024687,-0.0098612,-1.0042,-0.012129,-0.00054073,-0.0067979,-1.4128,-5.0116,0.63653,-29.43,0.67153,18.166,-0.4803,-17.91,0.0052318,0.020236,-0.0022039,-0.99441,0.0017338,-0.010874,-0.005154,0.26465,-4.569,-0.2513,-31.28,1.0367,18.344,-1.4304,-20.153
44.1,-0.00057406,-0.019816,0.0056477,-0.99735,0.00031828,0.00071784,-0.0070171,1.7791,-5.5197,2.0649,-29.467,-2.0976,16.466,-0.58789,-17.085,-0.0035136,0.013758,-0.0065839,-1.0143,-0.0051314,-0.0019787,-0.0074347,-0.057393,-5.1724,-0.050743,-30.782,-0.89266,18.939,0.67533,-18.818
44.2,-0.0042991,-0.025187,0.00093952,-1.0056,-0.0082316,-0.010389,0.009038,1.3533,-2.8437,-0.24372,-30.363,0.9224,17.111,-0.60091,-17.203,-0.0039454,0.0041929,-0.0065511,-1.0039,0.00098303,-0.0013059,0.0013345,-0.33871,-4.3912,-1.1711,-32.49,0.76025,18.685,1.0564,-19.387
44.3,0.004427,0.0093911,-0.0055718,-1.0044,-0.0017302,0.0032438,0.0024642,-1.7741,-5.7545,-0.86696,-29.941,0.19568,18.651,0.067349,-17.794,-0.0098731,0.00087843,0.0017708,-0.99043,0.0064201,-0.00096179,0.0049627,1.948,-6.0623,0.5795,-29.651,-1.0106,17.787,-1.0191,-19.132
44.4,-0.0075326,-0.008764,-0.0036413,-0.99345,0.0084487,-0.0058323,-0.0042571,1.0564,-3.7768,0.092644,-29.951,1.3274,18.73,1.0573,-15.016,0.0089446,-0.021696,-0.0069304,-1.0011,0.0018266,0.0074818,-0.0048282,1.1184,-4.0012,-0.12811,-28.857,-2.9215,18.965,-0.8824,-17.715
44.5,-0.010879,0.013939,0.0061388,-1.0163,-0.0019283,0.0062396,0.003531,-0.30122,-4.8826,0.52608,-31.05,-0.99239,18.992,1.0888,-17.181,0.01251,-0.0021929,-0.0071838,-0.99615,-0.0017049,-0.0024457,0.00124,1.0119,-5.5622,-0.067152,-30.567,0.53438,19.365,-0.94573,-18.465
44.6,0.0024487,0.0082364,0.0015467,-1.0244,0.0012754,-0.0056669,0.0012127,0.002498,-5.4226,0.17744,-31.241,-0.76584,17.207,-0.24542,-17.031,-0.00096479,-0.013316,0.018588,-0.98653,-0.0028503,0.0066555,0.0072858,-0.61254,-5.1385,-0.42539,-33.159,1.5612,18.113,0.073056,-17.67
44.7,-0.0049802,-0.0018182,-0.010263,-0.98068,-0.011271,-0.0066952,0.0036725,1.9444,-5.0219,0.35488,-30.592,-0.9704,17.388,-1.2152,-16.044,-0.01659,0.024791,-0.0070453,-1.0054,0.0026001,0.0055336,-0.0030433,-1.1397,-5.2948,-1.2176,-30.913,1.1359,19.024,0.42085,-17.889
44.8,0.0085778,0.013261,0.010842,-0.99799,0.00013582,-0.0041446,-0.0042522,-1.2703,-4.9506,-1.7532,-30.559,0.45687,17.206,-0.33414,-17.052,0.0038703,-0.0057247,-0.00072139,-1.0108,-0.0068999,-0.0083644,-0.0039589,-0.54712,-4.372,0.98098,-30.636,-1.7052,18.02,-1.814,-18.235
44.9,-0.0089357,-0.0062451,0.0056099,-0.99539,-0.0036949,-0.0015732,-0.0041121,1.541,-4.4345,-0.72873,-31.868,0.40071,18.81,1.3734,-17.069,-0.0018248,-0.013035,0.0013849,-0.98891,-0.0025376,-0.0022036,0.0033242,0.76484,-4.642,-0.10565,-30.937,-0.70721,18.716,-1.1142,-18.305
45,0.01794,-0.008397,0.0028098,-0.99904,0.0070744,-0.00079444,0.0030292,0.45915,-4.9465,-1.0477,-29.471,3.1374,17.361,-0.88782,-16.098,0.01344,0.0044132,0.012958,-1.003,-0.0093889,0.0041972,-0.0037692,-1.2267,-4.6027,3.0912,-30.291,-0.76016,19.455,1.1063,-18.566
45.1,0.012254,0.0074835,0.0042943,-0.99339,0.0041731,-0.0044923,-0.007266,-0.31542,-4.0848,-0.37784,-31.035,-0.84406,17.514,0.38883,-18.11,-0.0085805,0.0051137,-0.015494,-0.98549,0.0022298,0.0083966,-0.0025485,-0.47145,-6.2763,-1.2467,-31.047,-0.064125,17.721,0.30332,-17.921
45.2,-0.015219,-0.0081898,0.0027273,-1.0078,0.0022295,0.00055512,-0.0029552,-0.26197,-2.6298,-0.25572,-31.892,1.5873,18.57,1.0965,-18.993,-0.0076584,0.0043255,0.01519,-0.97007,0.0021911,-0.00018816,-0.0041703,-0.34604,-5.2227,0.96591,-31.948,0.83029,19.591,-0.26864,-18.673
45.3,0.012428,0.017876,-0.0068375,-1.0108,-0.005011,-0.0026547,-0.0016619,0.0012059,-3.8785,-1.0735,-29.539,1.1442,19.339,-1.4896,-16.565,-0.0047371,-0.0020486,0.015706,-0.99626,0.011052,0.0070949,0.002551,0.82342,-4.9746,-0.14373,-30.181,-0.3812,17.496,0.21738,-18.628
45.4,0.0011498,-0.0076077,-0.0036662,-0.98653,0.0092458,0.0027175,0.0053401,-0.043205,-5.4708,-2.3278,-29.474,-0.86151,17.997,0.61104,-17.856,-0.0050031,0.0050056,0.0017334,-1.0011,0.0057108,-0.0002027,0.00017069,-0.42083,-5.6551,1.0852,-32.122,0.74645,20.17,0.29352,-18.79
45.5,-0.019193,0.014946,-0.004841,-0.99698,-0.0018475,-0.0019136,0.0014068,-0.17916,-4.273,-0.92364,-30.043,-0.33525,16.041,-1.27,-16.593,0.00017928,0.014342,-0.0098931,-0.99821,-0.0047924,0.003782,-0.00066432,-1.0234,-6.8663,1.8644,-30.761,-0.72023,19.217,-1.1628,-17.432
45.6,-0.0035622,0.0033243,-0.0070773,-0.98697,-0.0077142,-0.002949,0.0042374,-1.5992,-4.9746,0.6262,-32.79,0.79626,15.958,0.04312,-16.823,-0.0010995,-0.0077609,-0.01065,-1.0058,-0.0044615,-0.0017554,0.003705,-0.27173,-6.3683,1.3769,-30.814,1.7827,16.375,-1.4286,-17.92
45.7,-0.00024081,0.002992,-0.0050303,-1.01,0.002103,0.0050123,0.0035158,-0.77407,-4.6242,0.99854,-31.362,-0.37167,17.657,0.49882,-16.997,-0.0095934,0.0016487,0.003949,-0.98976,-0.0021246,-0.0015969,-0.0057198,-0.58498,-6.0414,-1.5101,-31.159,1.3658,16.989,-0.34838,-17.925
45.8,0.011034,-0.006025,-0.018463,-1.0089,-0.00017062,0.00040225,0.003042,-1.0717,-4.7285,0.43508,-31.03,0.17613,17.701,1.3386,-18.221,0.013047,0.0018109,0.010846,-0.97306,-0.00022563,-0.00091821,0.0072463,-0.96868,-3.7475,-1.1353,-31.559,-0.36134,19.033,0.71463,-18.898
45.9,-0.017907,-0.0092726,0.004086,-0.98813,0.005852,0.0014948,-0.0063974,0.61732,-5.7049,0.50983,-30.256,-2.0848,16.516,-0.68262,-16.79,0.00086484,0.011852,0.0094955,-1.0071,0.011037,-0.0027346,0.00046674,1.2017,-5.3078,-1.6622,-32.283,-0.98663,19.221,-0.40829,-16.306
46,-0.013999,-0.00064597,0.0059884,-1.0009,-0.0018646,-0.0012895,-0.0039252,1.1955,-4.2945,0.20655,-30.328,0.49401,16.438,-0.20393,-15.928,-0.0073551,0.0068634,-0.0042835,-0.99978,-0.0018268,0.012028,-0.0032857,-0.51833,-4.6727,-0.032526,-30.546,-0.47725,18.539,-1.4505,-18.319
46.1,-0.0043535,0.0016483,-0.0042472,-1.0013,0.0074042,9.4029e-05,0.00259,-0.14212,-4.8241,-1.6035,-30.114,0.031131,16.989,2.0035,-17.938,0.0042488,-0.0061577,0.01264,-1.0081,0.0019737,0.00071875,-7.7297e-05,-0.88201,-6.3927,0.73269,-30.615,-0.87035,16.915,-1.992,-19.01
46.2,0.0016759,0.0025663,0.0070828,-0.99909,0.0085169,0.0034672,0.0044576,-0.80101,-4.5278,-1.064,-31.201,0.52896,18.781,0.43554,-16.787,-0.0056634,-0.006971,0.0064586,-0.98616,-0.0031748,-0.0091634,0.0027196,0.47895,-5.0421,-1.374,-29.6,0.1416,17.931,1.5308,-17.881
46.3,-0.02467,0.01498,0.0095479,-1.0031,-0.0041625,0.0094169,-0.0056841,-0.47904,-4.3143,-0.89627,-30.032,2.8187,17.028,2.0763,-16.162,0.009126,0.015323,0.0032219,-0.99079,-0.0017596,0.0027117,0.0028059,-0.9231,-5.4334,-0.35191,-31.991,2.4101,17.873,1.2076,-16.936
46.4,-0.0096849,0.010605,-0.020171,-0.98831,-0.0021572,0.0025434,-0.0069868,2.0862,-5.6764,-0.38608,-32.61,-2.064,17.866,0.21364,-14.036,0.0017441,-0.01717,-0.0084174,-0.99196,-0.0022012,-0.00015132,0.0088899,1.7672,-6.8073,-0.042782,-31.999,-1.2977,16.843,1.0885,-17.988
46.5,0.001255,-0.019049,-0.013651,-1.0085,0.0029254,-0.0020838,0.009942,0.036145,-5.0227,-0.26243,-29.949,0.76315,18.16,0.074947,-15.984,0.010449,0.020662,0.00033001,-0.99784,0.0028955,-0.0043038,0.0038173,0.87278,-4.701,0.38153,-33.661,0.71894,19.382,-0.61555,-18.326
46.6,0.01129,0.03412,-0.0010907,-0.98564,0.0081066,0.00044651,0.0069832,-1.7992,-4.8451,-0.7718,-30.695,-0.78071,17.54,0.070876,-17.212,-0.0076106,0.0013583,-0.010965,-1.0042,0.0032234,-0.014618,0.0054539,0.63041,-5.7113,0.77852,-30.612,1.0365,18.873,-0.534,-18.199
46.7,-0.012429,0.010628,0.0025769,-0.99916,0.0020891,0.0035134,-0.0010625,-1.4575,-4.7003,-0.43806,-30.767,-0.90799,16.944,-2.4623,-17.224,-0.0060719,0.00081787,0.01042,-0.98493,0.002279,-0.0014693,0.004727,0.2712,-3.9382,-0.44965,-32.123,-0.64703,18.262,1.6578,-19.661
46.8,0.0052062,0.0058493,-0.0016335,-0.98553,-0.0006883,-0.0013713,-0.0081772,-0.91553,-5.4957,-2.2406,-32.193,1.7608,17.518,0.76994,-15.047,0.013265,0.0023458,-0.00049507,-1.001,-0.00064066,-0.0038246,-0.006664,-0.46467,-5.129,-2.6407,-31.969,2.6901,18.461,0.057929,-18.458
46.9,-0.00049995,-0.0070427,0.011531,-0.98718,0.0045298,0.001822,0.0051271,0.44985,-5.6344,-1.1142,-32.641,-0.86849,17.67,-0.66395,-16.95,-0.0014556,-0.010961,0.0085368,-1.0091,0.0026191,-0.00065761,0.0026439,0.013238,-5.0142,-0.55569,-32.925,0.58744,18.48,-0.99549,-19.093
47,0.0037649,0.010595,0.010999,-0.98262,-0.0016022,0.012768,-0.0020703,0.86704,-3.6843,-1.9558,-32.684,-0.623,17.124,-0.73683,-14.305,0.0028336,-0.0085174,-0.0089626,-1.0072,0.0073445,0.0047503,0.0029025,2.5859,-4.6807,0.10463,-31.132,-2.2706,18.281,0.95934,-17.455
47.1,0.0082435,-0.0040839,0.013522,-1.0205,-0.0027017,0.0032171,0.0067721,0.45538,-3.5581,-0.71606,-31.83,0.33176,17.503,0.66106,-15.807,0.0028911,-0.021291,-0.011825,-1.0051,-0.0047224,-0.0018456,-0.0050067,-1.7771,-5.3506,1.706,-31.535,-0.46295,19.292,1.4213,-20.281
47.2,0.016412,-0.0029701,-0.015452,-1.0095,0.0074067,0.0082259,-0.0012041,-1.0475,-6.1188,0.25521,-31.126,0.14733,18.324,0.06076,-18.117,0.0029705,0.010339,0.0044741,-1.0095,-0.0060181,0.0033069,0.0029442,2.0622,-5.8682,-0.34263,-32.383,1.0407,18.187,-0.1468,-20.57
47.3,0.0078826,0.011663,0.0019155,-0.99256,0.0085886,0.0066517,0.0016736,-0.44673,-6.0832,-1.0928,-31.042,0.79836,14.47,-0.28562,-17.184,0.015796,-0.0032716,-0.0081558,-1.0017,-1.7979e-05,-0.0098895,-0.001664,0.84793,-6.6607,-0.45464,-32.702,0.83248,16.024,0.46449,-17.135
47.4,0.0082408,-0.0042189,-0.0026874,-0.98157,0.010241,0.00087902,-0.0041533,-0.21713,-4.0338,-0.39901,-32.688,0.17041,16.855,-0.75547,-14.879,0.0040235,-0.0057806,0.0070819,-0.99839,-0.010819,0.0026208,0.0019128,2.1765,-3.8086,0.1779,-31.233,-0.58257,19.435,-1.7102,-17.218
47.5,0.020766,-0.0060154,-0.0027723,-1.0025,0.0019305,0.0064996,-0.002173,-0.25867,-4.9924,0.95723,-31.494,1.3413,18.485,-1.6047,-14.531,0.019981,-0.0014051,0.005184,-1.0054,-0.0040087,0.0002151,-0.0052647,-0.59626,-3.8243,-1.0157,-32.431,-0.64236,19.672,-1.3449,-19.01
47.6,0.016006,-0.016879,0.00081266,-1.0134,0.0086266,0.0050267,-0.0050596,1.002,-4.1656,-1.5601,-32.17,0.63947,17.488,-0.38714,-16.269,-0.00016449,0.007762,0.0033244,-1.0147,-0.0045074,0.00029265,0.0015945,0.011591,-4.7571,0.905,-31.354,0.76896,17.741,0.0069962,-18.134
47.7,-0.0026786,0.0098121,-0.0090779,-1.0088,-0.001708,-0.0011545,-0.0060127,-0.32597,-3.6298,0.22165,-31.745,0.42144,17.819,0.64898,-16.926,0.010973,-0.0121,0.011644,-0.99614,-0.0047119,-0.00093732,0.0057921,-0.17934,-5.5027,0.08407,-34.25,1.4829,19.364,1.6922,-18.473
47.8,0.011097,-0.015064,-0.017914,-0.99893,0.0035512,0.00087743,-0.0049003,-0.073249,-4.6869,-0.31399,-32.558,0.46245,18.004,1.0857,-16.616,-0.00079278,0.017139,-0.0013073,-1.017,-0.0019339,-0.00077518,0.001491,-0.13313,-5.5264,-0.59732,-32.615,-0.17666,19.573,-0.38243,-17.867
47.9,0.00082923,-0.0081577,0.0059037,-0.99024,0.011108,0.0047273,0.0016324,-2.65,-5.0261,1.6235,-31.896,-0.27422,17.513,1.7925,-17.286,-0.0050378,0.0065659,0.0025662,-0.98103,0.0083382,0.0012181,-0.0002866,-0.097466,-4.6317,-0.4383,-29.65,-1.3491,17.44,-1.0963,-17.41
48,0.017238,-0.011279,-0.002092,-0.98846,-0.0092664,0.0026221,6.1913e-05,-0.67188,-4.6879,2.3157,-30.973,-0.33911,18.274,-0.31829,-17.506,-0.0012699,0.0046427,0.0014545,-0.99733,-0.0014941,0.0038053,-0.0071898,1.0107,-4.2164,-1.17,-33.97,-1.551,17.649,-0.074395,-17.806
48.1,-0.01589,0.0035344,0.011981,-0.99541,0.00057517,0.0010271,0.0060432,-1.3921,-2.9387,0.098311,-31.878,0.0073163,18.124,-0.41904,-15.681,0.001499,-0.013064,-0.0098021,-1.0051,-0.0013451,0.0028435,0.0051644,2.1883,-5.6671,0.44471,-33.245,0.17468,18.609,-3.3338,-18.282
48.2,0.012086,-0.0012382,0.031663,-1.0102,-0.0020288,0.0029699,0.0035927,0.93532,-4.6342,-1.4653,-31.439,0.76015,17.897,0.49879,-14.949,-0.0058024,0.0037267,0.0015649,-1.0051,0.010989,0.0017263,0.00084996,0.43451,-3.4877,1.5562,-31.986,-0.42726,20.029,2.7508,-19.024
48.3,-0.015568,0.0012111,-0.0031896,-0.98324,0.00075724,-0.0045599,-0.0018836,2.2792,-5.0381,0.30296,-32.039,-1.4852,20.422,-0.93061,-17.006,0.013593,-0.0056818,0.0086399,-0.99323,0.0010002,0.0029148,-0.012658,-1.0461,-5.7063,0.24915,-30.629,0.12374,18.394,-0.1026,-18.233
48.4,-0.0042987,-0.0078748,-0.00094414,-0.98265,0.0015524,0.0066253,0.0019527,1.3059,-5.5295,0.17122,-30.931,-1.6263,17.607,0.051117,-15.787,0.012261,-0.010228,0.034862,-0.99353,0.001341,0.0071272,0.0079458,-0.63265,-4.8586,-1.8611,-33.445,0.31732,20.986,0.69994,-16.447
48.5,0.0044477,0.0087161,0.019532,-0.99984,-0.0049396,0.0099632,-0.006838,-0.2882,-2.9968,-2.209,-30.117,0.21412,18.423,1.4843,-18.212,0.0058454,0.011216,0.0061522,-1.0172,-0.01042,0.0053423,0.00081387,1.1817,-5.7201,-0.42618,-31.108,-1.1046,17.444,-0.020513,-18.779
48.6,0.016303,0.0026738,0.0083733,-0.98717,0.0037263,-0.007147,0.001212,1.4149,-6.3342,-1.9091,-32.915,2.1631,16.736,-0.88599,-15.318,-0.0029037,-0.0041811,-0.0025382,-1.0001,0.0085046,0.0052344,0.00018109,0.22626,-3.4611,0.9254,-33.694,-1.6931,19.105,-3.0456,-17.437
48.7,-0.00043328,0.002998,0.0015368,-1.0007,0.0141,0.0067215,-0.0066278,-0.53269,-6.1956,-1.9224,-32.091,1.3114,15.984,1.9101,-16.611,-0.0041253,-0.0041052,0.010376,-0.97396,0.0029946,0.0033975,0.00089396,-2.9693,-2.9048,2.8337,-30.99,0.99779,18.566,1.1251,-17.925
48.8,0.015241,-0.0017517,-0.0077638,-1.0109,-0.0023296,-0.0048026,0.0030601,2.2358,-4.3131,1.9634,-31.22,-1.2331,17.162,-0.4877,-17.476,0.0091303,-0.0035599,0.0033253,-0.9987,-0.0025598,0.0023579,0.0044473,-2.341,-6.7109,-1.8899,-30.923,0.97625,18.256,-0.72613,-17.298
48.9,0.0033262,0.0091522,-0.006215,-0.97609,-0.0081525,-0.0023115,0.0037118,0.28201,-3.5579,0.13122,-33.374,-0.28626,18.679,-0.5453,-18.573,-0.0033353,0.0055595,0.014963,-0.99553,0.0068048,0.010329,-0.0050638,1.2905,-6.7053,-1.3511,-33.272,1.1839,19.917,0.55196,-17.679
49,-0.0072196,0.0042929,-0.0069941,-1.0049,-0.012853,-0.0013928,-0.007212,-0.91359,-4.7429,-0.62907,-30.748,0.84689,17.078,0.5997,-17.324,0.0061332,0.0046425,0.012713,-0.99919,0.002618,-0.0039264,-0.0084684,-0.22081,-5.4864,1.6626,-32.29,0.92695,19.548,-0.25752,-19.203
49.1,0.0060489,0.021037,-0.012877,-0.98975,-0.0071719,0.00042368,0.0068257,-1.3114,-4.2318,-2.5607,-33.002,1.8193,17.299,1.5158,-18.82,0.0074051,0.0016086,-0.0053215,-0.99027,0.00076596,-0.0065286,-0.0053113,1.2915,-4.0247,-0.051008,-32.768,1.1462,18.812,0.29572,-18.55
49.2,-0.0026465,-0.0096253,0.0053649,-0.99585,-0.010676,0.0030175,-4.4456e-05,-1.7715,-3.4489,0.72314,-33.241,1.0177,17.449,3.1055,-17.298,0.016092,0.019608,-0.0013904,-0.99142,0.00323,0.0041599,0.0038148,-0.4163,-3.627,0.26605,-32.862,-1.0604,19.049,-0.78805,-17.805
49.3,0.019141,-0.0044492,-0.0082586,-0.97578,0.0014125,0.0010289,0.00055716,0.94837,-5.0505,-1.0377,-31.485,1.1631,17.679,1.4523,-16.13,0.0098216,0.00024797,0.0050566,-1.0023,-0.0041026,0.0050803,-0.0029802,0.28432,-5.7656,-1.7678,-32.307,0.95007,19.699,0.52803,-17.486
49.4,0.0010901,-0.011621,-0.0073191,-0.99471,0.0022837,-0.0043071,-0.0066932,0.064798,-3.4045,0.41991,-32.38,-0.53688,17.492,-3.1563,-15.839,-0.00025504,-0.0065559,0.017622,-0.98209,0.00016505,-0.010326,0.0067615,-1.5495,-4.3682,-0.4017,-32.212,-0.63213,18.186,0.84707,-18.854
49.5,-0.027406,-0.0063038,-0.0046612,-0.98014,-0.0014695,0.00098356,-0.00038245,1.2213,-3.6085,0.41813,-31.908,-0.47099,17.051,2.3607,-17.076,-0.0027543,0.011738,0.0021662,-0.99959,-0.0048254,0.0018419,-0.0037109,-0.80711,-4.0632,-0.58831,-34.098,-2.6416,18.315,-1.2809,-17.007
49.6,-0.023174,-0.0019671,0.011548,-1.0275,0.0084994,-0.004733,0.0017027,-0.51002,-2.6702,-1.1769,-31.992,-0.60187,17.485,-0.62,-16.016,-0.0032466,0.00090677,0.0018126,-1.0019,0.0021788,0.0021264,-1.5382e-05,0.3971,-4.9773,-0.031293,-32.087,-1.2077,17.21,-2.2886,-19.608
49.7,0.0068898,0.0011495,0.0022469,-1.0085,-0.0012345,-0.0012674,-0.00022451,-1.2241,-2.8975,0.34708,-32.361,-0.44994,19.257,-0.25455,-16.396,0.011933,-0.011035,-0.0095982,-0.99982,-0.0087252,-0.00149,0.0021675,-0.42692,-6.2654,2.1133,-32.095,1.1876,18.504,0.4545,-18.44
49.8,-0.018718,0.010907,0.0057697,-0.99154,0.0023301,-0.0067939,0.0018968,0.63137,-6.104,0.97399,-31.919,-2.3423,19.022,0.21077,-13.47,-0.029681,-0.0065047,0.0078541,-0.99287,-0.0031811,0.0072586,-0.0046499,1.6268,-5.9111,-0.84682,-32.954,1.8134,19.856,1.2623,-16.885
49.9,0.0105,0.014835,-0.003515,-1.0146,0.0044194,-0.0015733,0.017151,0.49892,-4.2432,0.1797,-32.317,-1.4986,19.476,-2.5253,-16.873,-0.0090243,-0.0073433,0.0048326,-1.0015,0.0075825,-0.0088404,0.00049314,-0.20729,-5.6078,-1.2064,-33.051,1.7443,19.18,-1.37,-17.575
50,-0.00087294,-0.030424,0.0096409,-0.99761,0.00063397,0.0047611,0.0037158,1.8036,-3.4824,-0.37464,-31.863,0.53651,18.518,-0.46209,-16.371,-0.0034976,-0.0091576,-0.0036081,-0.99804,-0.0022229,0.0026356,0.0017888,-1.1958,-4.4922,0.38808,-30.959,-0.73506,20.059,-0.722,-17.163
50.1,-0.013457,-0.0078226,-0.023087,-0.99971,0.0084869,0.00029,0.011059,-0.31852,-3.4894,-1.5209,-33.65,-0.54773,17.586,0.54354,-17.214,0.0026458,0.0072567,-0.0058371,-0.98439,0.0042067,0.011101,-0.0014561,-0.29981,-5.5012,2.1643,-33.212,-2.5433,18.523,1.0594,-18.819
50.2,0.0049466,0.0072089,0.0037537,-1.0013,0.003021,0.0062962,0.0083193,1.2562,-5.6574,-0.94544,-32.913,-0.32349,19.126,1.0987,-15.608,-0.019234,0.0026053,-0.0026358,-1.0022,-0.003701,-0.0019454,0.00090516,-0.073286,-5.4791,2.8185,-32.898,-0.098257,19.8,0.16588,-18.31
50.3,-0.00036332,-0.0047142,0.0015127,-1.0072,-0.002291,0.0014057,0.0015833,-0.38254,-4.1754,0.24633,-31.903,-0.67674,18.637,0.12941,-15.5,-0.0022087,0.0012071,0.016924,-1.0017,0.00031479,0.0032816,0.0022453,1.3515,-4.7824,-0.65396,-32.596,0.57777,20.233,-0.19792,-17.593
50.4,0.0059394,0.016305,-0.00090551,-1.0025,-0.008566,0.00090236,0.001084,0.15442,-3.506,0.445,-31.691,-0.11792,19.411,0.52114,-16.934,-0.010778,0.0084632,0.0067718,-1.0035,0.00020369,-0.0052423,0.00019905,-0.19043,-5.2468,-1.7367,-33.072,0.38757,18.234,0.24064,-14.983
50.5,-0.0025641,-0.00080338,0.0073335,-1.0103,0.0033581,0.0013188,0.0019202,-0.069313,-4.1957,-1.0091,-33.178,1.0072,18.859,0.15751,-16.988,0.016927,-0.015962,0.013585,-0.99361,-0.00058476,-0.0022333,-0.0054768,1.0428,-5.8475,-1.1923,-32.879,-0.59724,19.214,-0.0869,-18.919
50.6,0.010885,0.011701,-0.0013398,-0.98611,-0.0019662,0.011265,0.0016774,-0.31264,-2.8083,-2.0311,-32.987,1.2834,18.497,0.75736,-15.635,-0.0097788,-0.024525,0.00063419,-1.0033,-0.0011259,-0.0010821,0.0072443,1.604,-4.158,-0.69674,-32.053,0.61808,18.778,-0.41085,-17.436
50.7,0.0073968,0.0079548,-0.017278,-0.99706,-0.00084343,0.0027291,0.00020579,0.52615,-3.2872,-0.53848,-33.267,-0.5653,18.473,-0.71903,-17.643,-0.0024682,-0.019726,0.0040415,-0.99679,0.0073134,0.0010192,-0.0075995,-0.38045,-4.3133,-1.0474,-33.224,-0.38075,17.137,0.03433,-17.592
50.8,0.012242,-0.019258,0.011943,-1.0007,0.0015127,0.0011011,0.00088014,-0.1087,-3.5631,0.82123,-33.371,0.49318,16.14,0.67564,-15.409,-0.0066723,-0.0023621,-0.018432,-0.99932,-0.0015766,0.0073922,0.0057553,-1.9098,-4.3582,-1.209,-32.493,2.8067,17.313,-1.936,-19.093
50.9,0.01754,0.0036561,0.012365,-1.0246,-0.0035015,-0.00057179,-0.0079448,-0.3096,-4.9059,2.4972,-33.409,0.47885,18.294,-2.841,-17.722,0.018609,-0.010837,-0.0016569,-0.99724,0.00069737,0.0030141,-0.0046806,-0.7164,-4.0306,-0.33432,-32.659,1.6115,17.847,0.55946,-16.516
51,0.011626,0.0077889,0.0070477,-0.99505,-0.0035641,-0.0079541,0.0046933,1.1687,-3.6314,-0.26208,-33.115,0.10086,16.322,1.251,-17.331,-0.00081708,0.001153,0.0019542,-1.0064,-0.0030832,0.0077246,-0.0051243,-0.16963,-4.3553,-0.44329,-33.31,-0.57245,16.661,0.52863,-16.815
51.1,0.016454,-0.0037136,0.0068003,-0.99573,-0.0015576,-0.0065132,0.0030146,-0.57962,-2.8759,-2.2809,-30.617,0.9381,17.821,-0.29426,-16.087,0.0024338,0.0060402,0.00378,-0.99684,0.0044355,-0.0046009,0.00095565,1.5691,-4.3396,-0.43354,-32.359,-0.89526,19.165,-0.49825,-16.634
51.2,0.0033786,-0.0034302,0.0089145,-0.98244,-0.013063,0.00048986,-0.0048525,-0.23511,-3.988,-1.566,-33.953,1.1585,18.101,-0.3966,-15.362,-0.010816,-0.0076883,0.00037809,-1.0031,0.0066877,-0.0044622,-0.00077081,1.2818,-5.5264,-1.2764,-32.791,0.041695,17.02,0.87232,-17.681
51.3,-0.0075449,-0.0049466,-0.00058255,-0.99933,0.0030779,0.0088046,0.0033943,-0.22542,-4.215,1.0774,-31.569,0.57495,18.431,1.3443,-18.921,0.011495,0.0068435,0.0052859,-1.0009,-0.0074702,-0.0079735,0.00020033,0.93739,-5.6183,-3.0081,-33.642,0.53704,18.299,-0.8388,-18.656
51.4,-0.0092343,-0.0060649,-0.0031628,-0.98756,0.010604,0.0011316,-0.0028662,0.96469,-3.157,0.18702,-32.319,-0.36026,17.738,0.26044,-15.723,-0.021863,0.0069202,-0.0054246,-1.0061,0.0013319,0.0087481,0.0021794,-0.91126,-4.2354,-0.45921,-33.363,0.27965,18.71,0.97805,-16.003
51.5,0.0040406,0.024393,0.010932,-1.0148,0.0050446,0.0012928,0.0027526,2.8573,-4.6066,1.993,-33.403,-1.653,18.708,-2.161,-17.925,-0.019697,-0.011899,-1.5248e-05,-1.0022,0.0066905,0.0097302,-0.0070686,0.21476,-5.4278,0.32203,-34.49,-1.4964,18.443,-1.0612,-17.132
51.6,-0.0076243,-0.005538,0.024376,-1.0118,-0.011531,0.0027805,0.0089876,-0.92813,-2.1909,-1.5363,-32.532,-0.6561,16.901,-1.1309,-16.596,-0.0017004,-0.010966,-0.0077027,-0.99578,-0.0063649,-0.005288,-0.015086,0.14839,-5.2507,-0.92008,-33.712,1.2169,16.125,-0.56884,-16.007
51.7,-0.0027175,0.0020413,0.00044654,-1.0033,-0.0034731,0.0039348,0.0052224,0.86995,-2.5969,-1.5326,-33.598,-1.4031,18.881,-0.15428,-19.11,-0.0052325,0.0015097,-0.002025,-1.0005,-0.0012944,0.0046082,-0.00039212,1.0005,-4.1613,-0.33569,-34.878,-0.0065526,17.323,-2.0132,-16.753
51.8,-0.013256,-0.0073289,-0.011645,-0.99451,-0.0043588,0.00033412,-0.0063264,-0.39959,-3.2842,-1.0388,-32.71,0.88026,19.089,0.87778,-18.403,-0.0087617,-0.0095409,0.012359,-1.0145,-0.0037183,0.0026521,-0.0047429,0.21398,-3.7023,-0.014376,-31.548,1.2163,18.456,-0.10351,-16.498
51.9,-0.011516,-0.0012638,-0.011656,-0.99531,0.0033926,0.00039262,0.00073507,-0.16623,-6.118,-0.8393,-34.358,2.8148,19.005,1.3287,-18.372,-0.0070253,0.004694,0.017337,-0.99343,-0.0084323,-0.00036898,3.976e-05,-0.68155,-7.072,-0.94523,-34.422,0.59294,17.216,-0.33261,-17.059
52,0.0019665,0.00019737,-0.024087,-1.0153,-0.0043751,0.012137,-2.5395e-05,2.0201,-4.3672,-0.36978,-32.999,1.5574,18.61,-0.058468,-19.736,0.0080527,0.016271,-0.0019893,-1.0009,0.002007,0.0099626,-0.0019,-1.0221,-3.5593,-0.6334,-34.105,0.29445,18.854,-0.1033,-17.399
52.1,-0.0044312,0.031791,0.0062168,-0.99167,-0.0074426,0.0073087,0.006937,1.2427,-4.0428,1.0766,-34.368,0.15495,20.673,-0.35002,-16.491,0.00076391,0.00062817,0.00054023,-0.99797,0.0013381,0.0032635,-0.0042912,0.0064522,-2.7119,0.70608,-31.779,0.061877,17.587,1.5456,-18.209
52.2,0.010844,-0.0055528,0.010126,-1.0278,-0.0028539,0.00095879,-0.0076359,-0.27239,-2.9522,-0.51032,-31.906,1.0764,18.131,0.92269,-17.611,0.01054,-0.00033552,-0.00052909,-0.98913,-0.0011864,0.010421,0.0059391,-0.10019,-5.5051,1.3874,-33.125,-1.0816,18.991,1.598,-17.551
52.3,-0.0071628,-0.023948,0.014534,-1.0216,-0.002211,0.0024732,-0.0029557,0.024929,-4.2529,0.72454,-33.287,-0.26621,17.303,0.7638,-17.401,-0.0035865,-0.0005272,-0.0090059,-0.98601,0.0020055,-0.0051026,0.0020318,0.24367,-3.3306,-0.064581,-32.681,1.1779,17.238,0.14812,-18.561
52.4,-0.022457,-0.0050172,0.013352,-0.99327,0.0016068,0.00070157,-0.0082776,-0.11032,-4.0578,-2.3906,-32.493,0.77446,16.868,0.9365,-16.015,0.0040585,-0.0056871,-0.0001819,-0.99894,0.0014527,-0.0012689,-0.0027278,-1.6671,-4.9087,1.008,-33.241,1.0928,19.381,0.62462,-17.786
52.5,-0.0002728,-0.016703,-0.00040328,-1.0104,0.011103,-0.0034474,0.00013418,0.17398,-5.874,0.48511,-33.368,-0.47436,18.475,-0.3703,-16.065,0.0064452,-0.00083423,0.0023924,-0.99673,0.0016308,0.0084368,0.0094421,-1.0446,-4.3298,-1.2534,-34.997,-0.28648,19.351,-0.5194,-18.487
52.6,-0.0053827,0.015065,0.0012533,-1.0025,-0.0032895,0.0031742,-0.0056075,1.2329,-3.0234,0.7598,-33.032,-0.18346,19.71,-0.20293,-16.676,0.011358,-0.01821,-0.014714,-1.0033,0.0025294,-0.0084345,0.0028479,-0.91553,-3.2454,-1.0171,-34.908,-0.39946,20.503,0.54319,-16.791
52.7,-0.020249,-0.01083,-0.012887,-0.99014,-0.001813,0.00043159,0.0087303,1.5221,-3.1697,-2.3994,-33.176,2.1589,17.744,0.98418,-17.226,0.0047985,-0.0021822,0.0066187,-1.0074,-0.0030053,0.0097008,0.0061941,2.6691,-4.2937,0.89663,-33.312,-1.5412,19.365,1.0945,-16.862
52.8,-0.0016774,0.015001,-0.0003609,-1.0091,-0.0038573,0.0037088,-0.013065,0.51529,-3.4046,-1.1506,-34.383,0.55096,16.863,0.38484,-16.023,-0.00011943,0.00054597,0.0023112,-0.99193,0.0021915,0.0090425,0.008459,-0.090332,-5.4718,0.90854,-34.417,-0.47749,18.794,0.45747,-17.843
52.9,-0.01793,0.008056,-0.0025465,-1.0188,0.0018094,0.0011774,-0.0022995,0.1875,-2.8445,-0.37215,-33.311,-0.90671,17.744,1.6889,-16.964,0.017251,0.0081804,0.0049176,-0.99377,-0.011403,-0.002147,-0.0070713,2.8048,-4.9594,-1.1104,-35.102,-1.7379,17.312,-0.41489,-18.912
53,-0.0080393,0.02487,0.0065586,-0.97505,0.0023258,-0.0023571,0.012614,0.0268,-4.7932,0.51467,-33.275,0.33743,18.6,-0.95324,-15.958,-0.014421,0.0030179,-0.0063263,-0.99476,-0.0074531,-0.0062509,-0.0014895,-0.74722,-4.0649,1.308,-34.895,0.28775,18.603,1.9181,-17.775
53.1,-0.0044341,-0.00066885,-0.0083068,-0.99256,-0.0056144,0.0012178,0.0025376,0.23119,-5.4851,0.72349,-33.056,-1.2578,15.782,-0.58881,-14.837,0.015356,0.0014486,-0.008546,-0.99174,0.0089852,0.0062478,0.0027829,0.2935,-4.7526,0.33439,-34.245,0.5201,20.71,0.85687,-20.104
53.2,-0.0026319,-0.0095519,-0.0088644,-1.0106,0.0033044,-0.0035665,0.0022172,1.9332,-4.731,0.27557,-33.647,-0.36792,17.834,-0.097183,-15.726,0.010216,-0.0093564,-0.00086441,-0.99808,0.0012553,0.0076304,0.0017577,-0.45692,-3.6195,-1.7545,-34.053,0.2121,19.721,-0.38688,-18.213
53.3,-0.0091655,0.02004,0.0086056,-1.0032,0.0014624,-0.0060313,-0.0013259,0.49589,-2.4418,-0.68675,-33.621,0.15117,19.558,1.2168,-15.84,-0.005986,-0.018744,0.004582,-1.0106,0.0018433,-0.00061943,-0.0031891,0.17334,-5.1939,-0.024114,-35.079,-0.062914,20.637,-0.060502,-17.945
53.4,-0.00094828,-0.012619,-0.0069607,-1.0016,-0.00019918,-0.010361,0.0040718,1.2669,-3.8319,-1.3959,-32.141,2.0054,17.931,2.4334,-16.302,0.0036828,-0.013096,-0.0027908,-1.0058,-0.0057276,-0.0077893,-0.0071208,-0.96461,-4.9029,-2.2541,-35.589,0.057341,17.509,-0.20774,-17.464
53.5,0.0045613,-0.010221,0.007888,-1.0037,-0.0031321,-0.00049886,-0.002815,0.90841,-4.0969,1.4207,-34.021,-1.3297,19.861,0.093272,-15.997,0.0064176,0.010191,0.010173,-1.004,-0.0015412,-0.0036387,0.0036544,-0.15052,-4.1183,-1.122,-35.415,-1.2422,19.579,0.81468,-17.893
53.6,-0.0052518,-0.00048852,-0.001502,-1.0191,-0.0027144,-0.0017445,0.0039647,0.46385,-2.345,-0.82046,-34.117,0.33959,18.219,0.25104,-16.728,-0.012159,0.0057829,0.0045707,-1,-0.0011971,0.0093612,-0.0011458,0.24873,-5.9526,-0.16349,-34.343,-0.90869,18.787,0.83592,-16.412
53.7,-0.0047869,0.008262,0.0019303,-0.99788,-0.0010465,-0.00091338,0.0061883,-0.16496,-3.5123,-0.23922,-34.459,0.63352,17.836,0.7795,-16.589,0.011048,-0.00091165,-0.010026,-1.0105,0.013105,0.0028313,0.0076237,1.9365,-5.5315,-0.63978,-35.161,0.078786,18.768,0.82927,-17.187
53.8,0.020354,0.01398,0.0033627,-0.98135,0.0017871,-0.0031626,0.0047762,-1.2938,-3.224,-0.03975,-31.456,-0.68913,17.702,-0.24823,-16.844,0.0088097,0.0028854,0.013728,-0.99961,-0.0014015,-2.3491e-05,-0.009415,1.4342,-4.7316,-0.21233,-36.145,-0.86179,19.592,-0.44598,-17.912
53.9,-0.0026247,-0.018085,-0.019652,-1.01,-0.0042768,0.01136,-0.0065591,-0.39918,-3.8943,-0.90009,-33.278,0.41054,17.314,0.32201,-13.465,0.013349,0.005463,0.0047632,-0.99856,0.0013275,-0.00043535,0.0035622,0.79659,-5.9297,-1.4491,-34.643,0.38117,18.965,-1.1476,-18.422
54,-0.011094,-0.013629,-0.0060701,-0.98663,0.00045847,0.00909,0.006289,-0.62583,-3.6782,-0.86909,-33.768,-1.1786,20.931,-0.31213,-16.281,0.0065838,0.012058,0.002276,-1.0114,-0.0022882,0.0015143,0.0055917,-2.6729,-4.6051,-0.90429,-34.062,-0.058889,19.239,0.58588,-15.628
54.1,-0.014604,-0.0046096,0.021832,-0.99711,0.0010613,-0.0053661,-0.0094812,-0.35288,-3.0811,0.2671,-35.855,-1.6735,19.239,-0.14186,-17.533,0.0050767,0.0003686,-0.015856,-1.0039,0.0041757,0.00045947,-0.00062244,-0.068993,-4.4745,-2.2503,-34.652,-0.64374,18.666,1.4892,-17.997
54.2,0.005421,0.0055506,-0.014044,-1.0134,-0.010007,-0.007714,-0.0048951,-0.66153,-4.1255,-0.78623,-32.939,-0.76927,19.097,-0.21235,-16.119,0.0082142,0.00081014,0.010086,-1.0072,0.0053122,-0.0051808,0.0014367,0.49759,-4.0104,-0.64411,-34.137,-1.4737,20.248,-0.015909,-17.148
54.3,-0.0099579,0.02784,0.0029311,-1.0036,0.0052952,0.010688,0.00068541,-1.6994,-3.7645,-0.43049,-33.242,2.1057,16.86,-0.98534,-16.999,0.0055757,0.0064981,-0.0063486,-1.0112,0.0032563,0.0045238,-8.0357e-05,1.3701,-2.0912,-0.09449,-32.619,-2.0057,19.458,-0.78137,-17.124
54.4,-0.0033085,-0.023933,0.0063348,-1.016,-0.0047219,0.0041557,0.0016552,0.56733,-2.8116,-1.3006,-34.705,0.29125,18.109,-0.13585,-15.929,0.013567,-0.0072696,0.0080319,-0.97624,0.0090363,-0.0040451,-0.0017364,1.2627,-4.5855,-1.208,-34.912,-0.96098,16.599,-0.44983,-17.381
54.5,0.0038531,-0.014569,0.0060571,-1.0032,0.010201,-0.01348,0.0094285,-0.7066,-5.0579,1.2246,-35.032,-1.5797,19.54,-0.27697,-16.927,0.0066234,-0.013301,0.010437,-1.0017,0.0060593,0.0029427,-0.011111,-1.1028,-3.1552,0.85848,-34.826,1.2099,22.638,-1.3314,-16.66
54.6,-0.0063496,-0.0011398,0.0010357,-0.99085,-0.0040664,0.0039926,0.0024363,0.4626,-2.736,1.5022,-33.871,-0.27587,17.976,-0.17647,-16.922,0.021107,0.0053847,-0.002218,-1.0133,-0.0025069,-0.00062661,-0.0057501,-2.8183,-2.0787,-0.61967,-34.378,0.36786,18.963,0.22746,-16.85
54.7,0.011492,0.010168,-0.0065148,-1.008,0.00075529,-0.0070046,-0.00019139,-1.534,-2.6412,-1.115,-34.876,1.5546,17.305,0.58474,-14.922,-0.0030878,-0.0012525,-0.018024,-0.99882,0.0014576,-0.0047009,-0.00079699,1.3491,-3.5573,0.34475,-34.107,-0.40987,19.69,0.094786,-18.547
54.8,0.0017607,0.0026967,-0.010919,-0.99804,-0.00061905,-0.0030529,-0.0023619,-1.0851,-4.3089,-2.3756,-34.297,0.84923,18.284,0.17305,-16.574,-0.016848,-0.0099784,-0.0023774,-0.99535,0.0043919,-0.0048636,0.0083745,1.9376,-2.851,1.3107,-36.318,-0.35439,19.263,-1.3586,-16.325
54.9,-0.020197,-0.010439,-0.0089947,-0.98896,-0.00024917,0.0059666,0.0087878,0.55031,-3.102,0.070295,-35.161,1.1597,18.187,-0.011543,-16.211,3.3326e-05,0.0080569,-0.012664,-0.99328,-0.0046468,0.00045523,0.0028542,-1.4324,-4.0769,-0.66109,-33.806,1.1932,20.12,-0.90421,-17.501
55,-0.01651,0.0047503,-0.0030159,-1.0128,0.0081066,-0.0068733,0.0092031,0.067753,-3.5524,-0.021445,-34.189,0.5771,19.315,0.48217,-15.869,0.008972,-0.0043279,-0.0067844,-0.99252,0.0062299,0.0001645,-0.001844,-2.4845,-5.1992,1.071,-36.151,0.46176,18.972,0.75254,-16.727
55.1,0.00067195,0.0015476,-0.00020099,-0.99654,-0.0014492,-0.00071834,0.00071193,-0.98723,-4.7358,0.70503,-35.167,-1.4133,17.636,-2.0403,-16.239,0.01061,0.013409,0.0078008,-1.0081,-0.0045264,0.01219,0.0041625,1.5722,-5.1602,-0.20837,-35.654,-0.02824,18.703,-0.71841,-16.929
55.2,0.019406,0.0057391,0.0016504,-0.98796,0.0021741,0.0074047,-3.9587e-05,2.113,-2.2301,1.9262,-33.806,-0.92883,18.787,-0.65063,-17.139,-0.0044147,0.0026703,0.0037014,-0.98819,-0.0043561,0.00093607,-0.0054193,1.1444,-4.1593,-0.66693,-34.909,-2.528,19.063,-1.0373,-16.097
55.3,0.0055482,0.021617,0.0054082,-0.98932,0.0015362,-0.01087,0.0034029,0.55196,-4.0312,-0.37536,-34.978,0.12407,18.159,1.4792,-15.993,-0.0061122,-0.0078379,-0.023343,-0.97867,-0.00066426,0.0075995,0.0026559,0.79145,-4.6838,-0.098472,-34.248,-0.40493,20.506,-2.0723,-19.47
55.4,0.012548,0.015476,0.01865,-1.001,0.00060568,-0.0076088,-0.0012041,-0.21373,-2.3286,-0.80366,-33.225,1.0183,18.568,2.0316,-15.637,0.0030026,-0.014512,-0.0065043,-1.0002,0.0033115,0.00019148,-0.0024829,0.86061,-5.7282,-0.04115,-35.031,-1.0318,18.55,-1.0939,-17.976
55.5,0.0044904,-0.016423,-0.011827,-0.98845,0.0037667,-0.0038219,-0.0011976,-0.37344,-4.1706,-2.1571,-35.18,-0.56958,18.917,0.61034,-15.381,0.0051353,0.0044934,-0.010338,-0.99629,-0.001451,0.0044162,0.002099,1.3734,-4.8899,-0.62883,-35.034,0.29596,18.748,0.66638,-16.673
55.6,0.001818,-0.013515,-0.0047777,-1.0017,0.010858,0.0067138,-0.0050677,0.21865,-3.8184,-0.7659,-36.127,-0.1719,21.396,-0.3509,-17.193,-0.0013128,-0.014498,-0.0068743,-1.0106,0.0080361,0.0042404,7.972e-05,0.26463,-5.8604,0.73905,-35.591,-0.017461,19.46,0.68459,-18.556
55.7,0.0016255,0.0080994,-0.00058477,-1.0042,-0.00045759,0.0018077,-0.0019127,1.789,-2.5829,-1.3691,-33.595,-1.092,19.322,-0.86585,-15.819,0.0051919,0.021608,-0.0094608,-0.9996,0.003671,-0.0026003,-0.0053775,0.82395,-3.258,0.66834,-34.021,-0.57562,20.651,0.58047,-17.377
55.8,0.016659,0.00899,0.0085353,-1.0053,0.0001221,-0.0034909,0.0036538,1.4859,-4.7148,-0.28047,-34.179,-1.3806,19.885,-0.76119,-17.26,0.0091504,-0.0072075,-0.00082701,-0.99854,-0.010021,-0.0058306,-0.0060607,-0.3189,-2.1791,0.84675,-35.192,-0.473,18.27,-2.3348,-17.32
55.9,-0.0062829,0.0050687,-0.0091912,-0.99532,0.0021348,-0.0073008,1.2994e-05,-2.2465,-4.5929,-1.0504,-34.541,-0.25227,18.446,1.2958,-17.438,-9.7372e-05,-0.0015678,-0.0011451,-1.0037,0.0064869,0.0097426,-0.00017919,0.1172,-2.6303,-0.08902,-36.201,1.0468,18.327,-0.83928,-16.621
56,-0.0040725,-0.01006,-0.0044396,-1.032,-0.00093509,-0.0040603,0.0053125,1.1343,-4.1645,-0.095615,-33.545,0.96727,18.298,-1.4193,-15.545,0.0087537,-0.0091191,-0.010454,-1.0035,0.0063873,-0.0037941,-0.0015985,-0.67151,-3.6994,1.1185,-33.67,0.80844,18.979,0.66942,-15.509
56.1,-0.0081606,-0.00020319,0.003866,-1.018,-0.0023841,0.0007113,0.0021628,-1.2753,-2.883,-2.0356,-33.988,1.7546,18.992,-0.0018634,-17.795,-0.00075875,-0.0038631,-0.0062732,-0.99433,-0.0039931,-0.001686,-0.0029216,-1.8627,-5.5761,-0.019908,-33.35,1.198,19.202,0.35841,-18.077
56.2,0.0089521,0.0087994,-0.0044475,-1.0118,-0.0047339,-0.00085271,-0.0010113,0.33104,-3.4994,-0.22058,-32.484,-0.69013,18.599,1.922,-16.707,0.01132,0.0019614,-0.0091598,-0.96505,0.0037734,-0.0067192,0.0015963,-0.1561,-5.2266,0.79584,-35.67,-0.2888,20.598,-0.83597,-15.514
56.3,0.01123,0.0011689,-4.4616e-05,-1.0068,0.0023199,0.0043922,0.00025973,0.98875,-4.1562,-1.1609,-34.256,-0.44357,20.469,-2.524,-17.302,0.0010734,0.0015081,-0.0038646,-1.0015,0.0035955,-0.0011015,0.004169,0.0039903,-3.7754,-0.39553,-32.733,-0.3116,16.357,-1.7184,-16.865
56.4,0.0056147,-0.0016851,-0.021606,-1.003,0.0019408,7.2731e-05,0.00020468,0.50158,-2.0473,1.6666,-35.284,-0.93108,17.599,-0.24624,-18.167,0.00040048,-0.015411,-0.0014996,-0.99622,-0.0052073,0.0037796,0.0062079,2.2415,-5.1377,0.68193,-34.201,0.14385,19.749,-1.1652,-17.742
56.5,-0.0061442,-0.0059972,0.0033389,-1.014,-0.0052644,0.0037312,-0.0026165,-0.46449,-4.687,-0.16694,-34.217,-1.7069,17.127,0.1058,-18.282,-0.013066,-0.014319,-0.00019742,-1.0088,-0.0045503,-0.0033765,0.005627,-1.9176,-3.9888,0.93448,-34.564,0.074075,20.559,1.02,-18.256
56.6,0.0040518,0.0083464,-0.0093822,-1.0033,0.0059739,0.0016272,0.00010348,0.48292,-3.3692,-1.4495,-35.38,0.45061,20.582,-0.30562,-17.681,-0.0088003,0.0050148,0.0026505,-0.9832,0.006122,-8.0141e-05,-0.00025485,-0.77055,-4.8077,0.074503,-35.32,1.0615,20.075,1.2752,-18.492
56.7,-0.012767,0.003434,0.003782,-1.0119,0.0040067,0.0012138,0.0033688,-1.6521,-4.7176,0.7271,-35.644,0.32241,18.614,1.7508,-17.66,-0.01644,0.0047688,-0.003071,-1.0163,-0.0029387,0.0036531,-0.0037019,1.0544,-3.192,-0.21225,-35.819,0.87124,19.637,-1.1965,-18.101
56.8,0.0072101,-0.02527,0.011787,-1.006,-0.00067544,0.00026042,0.0031478,2.2435,-2.5398,0.70599,-35.094,-0.48203,18.148,-0.23337,-17.681,0.0018831,-0.0067049,-0.0038768,-0.99658,-0.00138,0.0017178,0.012815,1.2936,-3.5234,0.49766,-35.436,-0.14939,17.605,-1.5152,-15.77
56.9,0.0052253,-0.0017936,0.010299,-1.0194,-0.0034941,0.0043325,-0.0086879,2.6581,-1.8843,-0.14645,-34.453,-0.56326,19.801,0.086919,-15.773,-0.024103,0.010382,-0.021652,-0.99808,-0.0038756,-0.0043674,0.0058325,-0.7854,-5.3836,-0.13948,-36.569,-1.0458,17.897,0.56024,-15.976
57,0.00021923,-0.0027698,-0.0083853,-1.0097,0.00030202,0.0014958,-0.0035507,-1.1616,-3.6795,2.7723,-35.468,0.24249,19.067,2.2211,-19.79,-0.0088353,0.010415,-0.028426,-1.0128,-0.00067569,-0.0049036,-0.001091,0.55226,-5.6057,0.0072022,-34.22,1.2154,20.419,-0.35587,-14.767
57.1,-0.0059872,0.011366,0.002245,-1.0104,-0.006551,0.0054024,-0.0075494,0.6546,-4.698,-1.7964,-33.941,0.29157,19.678,1.5089,-17.229,0.0025319,-0.00037311,-0.0050025,-1.0149,-0.0040283,0.0010182,-0.0037439,-0.32235,-3.5107,-2.7597,-36.055,-0.32482,19.514,0.06589,-16.878
57.2,0.0015084,-0.0010704,-0.0093943,-0.99689,0.0013801,-0.0089268,-0.0091567,1.1547,-4.3205,-0.1257,-35.256,-1.0765,19.481,1.0226,-16.28,0.010923,0.012967,0.0030881,-0.98413,0.0021413,-0.0057283,-0.0058905,0.44814,-3.6072,-2.403,-34.205,-0.1632,19.545,0.60046,-18.082
57.3,-0.0065979,-0.0055607,-0.017158,-0.99778,0.0039687,0.010127,-0.00018764,0.71004,-4.3897,0.015124,-35.957,1.4618,18.965,-1.4532,-16.421,0.0076161,-0.0089033,0.018543,-0.99598,-0.0089799,0.0021238,0.0040545,2.5739,-2.7639,-1.1589,-34.95,0.51317,19.863,-2.6653,-15.947
57.4,0.0062117,0.0030162,-0.019126,-1.0084,0.008848,-0.0026961,0.0039081,0.60952,-3.6503,0.24537,-32.754,1.1795,19.392,0.59365,-15.954,0.01343,-0.0056558,-0.0061836,-1.0136,-0.00098521,-0.0071882,0.0027493,0.17755,-4.2956,-0.13811,-34.142,-1.2338,17.183,-0.63357,-18.636
57.5,0.008528,0.03311,-0.0024314,-0.99699,-0.00022145,0.0013079,-0.00025907,1.6416,-3.3057,-0.45714,-35.743,0.26883,18.374,-0.71901,-17.014,0.0037543,0.0027052,-0.0033237,-0.99705,0.0033768,0.0065073,0.0040564,-0.9086,-5.445,-1.8977,-35.521,-0.10068,19.724,2.0809,-17.233
57.6,-0.015785,-0.015874,0.0071191,-0.99825,-0.003076,0.010518,0.00038925,0.046679,-4.4573,-0.87654,-37.656,-0.82781,18.26,1.9398,-16.485,-0.0059438,0.0095783,-0.011257,-1.0022,0.0014966,-0.0038553,-0.0060342,0.014573,-2.608,0.23875,-36.441,1.3955,19.449,0.34838,-16.575
57.7,-0.0035571,0.00020011,0.00013563,-1.0217,0.0063763,0.00484,-0.0054737,0.82228,-3.2898,-2.2591,-35.414,0.79561,18.228,-0.41027,-18.017,0.0021968,0.0019692,-0.00099847,-0.9913,-0.0030632,0.0050649,-0.00061284,1.4294,-2.9248,2.1376,-33.954,0.0083581,18.642,-0.5044,-15.447
57.8,-0.014379,-0.006078,-0.0057329,-0.98573,0.001952,0.0050061,0.0028617,-0.36301,-4.1342,-0.65497,-35.324,1.406,19.212,-0.89228,-16.117,-0.0026578,0.0049067,0.0075065,-0.98658,-6.1793e-05,0.0059375,-0.0007206,0.042627,-4.0592,-0.11474,-33.739,-0.040533,18.514,-0.16157,-16.583
57.9,0.010133,-0.0068518,0.0019589,-0.98941,0.0015661,-0.00018549,0.0016731,0.20263,-4.2828,1.0397,-34.716,-1.1763,20.011,-2.4871,-16.644,0.00024788,-0.00058233,-0.0013413,-0.99088,-0.010425,0.0047312,0.004484,0.27775,-4.2566,-0.31825,-36.483,0.19103,19.006,1.0979,-15.926
58,-0.0088719,-0.0046328,-0.0067026,-1.0038,0.0048596,0.001613,-0.00061411,0.30437,-4.8508,2.2389,-36.619,-1.1889,20.397,-2.371,-15.637,-0.0029746,0.00023379,0.0059697,-0.99543,-0.00079331,-0.0011818,-0.001649,-0.055521,-1.906,1.2601,-38.531,0.99324,18.689,-1.3007,-16.358
58.1,0.0048589,-0.00019941,-6.9385e-05,-1.0134,0.005127,-0.0072021,0.0071826,-1.1826,-4.2954,-1.1451,-35.663,0.73774,19.507,1.575,-17.796,0.0083122,-0.0095921,0.00082073,-0.98296,0.0018504,0.00086168,0.0011846,-1.4065,-2.7346,-0.41679,-33.864,0.31797,18.466,0.44286,-15.833
58.2,-0.001385,9.9066e-05,0.0015248,-0.98974,0.0054063,-0.00034591,-0.0059918,-0.9838,-3.2047,-0.96019,-35.372,0.31987,19.608,1.2272,-18.421,-0.001885,-0.0011216,0.015745,-0.97815,0.002802,0.0074578,0.010724,-1.7436,-3.2637,-0.89713,-35.769,2.3137,18.851,0.68109,-16.792
58.3,-0.0064076,0.00776,-0.0073604,-1.0159,0.0033811,-0.00058594,0.0011642,-1.2458,-2.4542,-0.97736,-35.482,1.8681,19.397,2.6334,-15.406,-0.010865,0.0026443,-0.0082404,-0.99546,-0.00019377,0.0062626,-0.0017019,-0.12692,-3.6377,-0.53243,-35.806,-0.49317,19.988,1.0202,-14.914
58.4,0.0034243,-0.014346,0.010016,-0.99206,-0.0033515,0.0072014,-0.00091891,-0.16213,-4.7123,-0.61308,-33.263,-0.48726,19.094,-0.67538,-15.867,-0.0035136,-0.01859,0.010002,-1.0012,-0.0026964,0.0023919,0.0015503,1.0424,-2.1555,0.32339,-36.291,1.0701,19.402,-0.037149,-18.468
58.5,0.017641,0.0048548,-0.00013345,-1.007,-0.0099294,0.0014151,0.00073329,1.5817,-3.3074,-0.27976,-36.898,-1.3506,17.167,-0.43567,-15.893,-0.0035248,-0.0072859,-0.019137,-1.0046,-0.0048874,-0.0039975,0.0052266,-0.13157,-3.482,-1.7246,-36.149,1.0219,19.602,0.78808,-17.769
58.6,-0.0078025,0.0010964,0.0035584,-0.99511,0.0038799,0.0028089,-0.0025448,-2.8149,-3.6344,-0.43712,-35.821,0.52156,17.419,0.40583,-16.555,0.0096903,-0.016501,0.0080175,-0.98995,0.00010107,0.0012317,0.0013121,0.58623,-4.1731,-1.6848,-35.405,0.20968,19.983,0.25697,-16.64
58.7,0.0085485,0.0021829,0.0032957,-1.0067,0.0021392,-0.0032086,-0.0030836,-0.86272,-2.1908,-1.0934,-36.562,0.25044,18.756,0.34609,-15.589,-0.018393,0.01254,-7.6548e-05,-1.0204,-0.0019123,-0.0027548,0.0043855,-1.4736,-2.5271,-1.1816,-37.131,0.76043,19.422,1.4855,-16.538
58.8,0.017665,-0.00029072,-0.00014221,-0.98411,0.0058164,-0.0073654,-0.0064699,1.1131,-4.9442,-0.25361,-36.597,-0.26899,19.597,-0.11193,-14.164,-0.012746,0.0034684,-0.0068496,-1.0064,0.0023443,-0.0060057,-0.0035227,1.4364,-3.4642,-1.4449,-38.253,-0.47444,18.052,-0.97069,-16.435
58.9,0.0088818,-0.014829,-0.0070565,-1.0129,0.00014401,0.00077581,0.00086155,-0.5381,-3.4588,-1.2852,-36.149,0.13842,20.27,1.5218,-15.401,-0.0044081,0.0094092,0.013282,-1.0039,-0.0053221,0.0038669,0.0070789,0.77901,-3.6317,0.18612,-36.914,-1.2806,19.11,-1.7374,-16.412
59,0.0075397,0.0078102,-0.020523,-0.98824,0.0021735,0.0039627,0.0027132,-0.70835,-3.9161,2.3514,-35.702,-1.6117,19.348,0.78055,-15.126,0.0053555,0.0064381,0.0040811,-1.0116,-0.0047413,0.0019202,-0.0050044,-0.57564,-4.4943,1.5063,-35.27,-1.1205,20.081,0.3051,-15.385
59.1,-0.0050094,-0.00081946,0.0065407,-0.9893,-0.0082857,0.0047246,-0.0054466,-0.4063,-2.6885,0.37483,-35.453,0.034781,20.112,-0.6134,-14.835,0.0035804,0.014069,0.0022142,-0.98646,0.00021786,-0.0028917,0.00097618,-0.82,-3.3944,-0.80526,-35.838,1.161,17.608,1.6074,-17.408
59.2,0.0045413,0.00094889,-0.030165,-0.99923,0.0063111,-0.0057252,0.0040575,0.70923,-2.677,-0.17848,-34.191,0.84373,17.817,1.2601,-15.424,-0.019727,-0.020409,-0.0071434,-1.0047,-0.00092146,0.007627,-0.0048558,-1.4703,-2.9508,-1.0948,-35.622,0.95971,18.981,2.5579,-16.664
59.3,-0.0034173,-0.00019918,-0.0069217,-1.0031,0.0023356,0.0047568,0.013073,-1.633,-3.7786,-2.112,-34.881,0.35159,18.381,-0.47812,-16.143,-0.012259,0.0018514,0.0024798,-0.99094,-0.00060881,-0.001341,0.0026315,0.59446,-1.8183,0.68789,-35.829,0.17103,19.451,-1.7507,-16.078
59.4,0.025397,-0.0082342,-0.010116,-0.99412,0.0044465,0.0098296,-0.0018771,-0.95866,-3.5314,0.53832,-36.241,-1.1762,19.949,-0.59725,-14.918,0.0062714,0.0070286,0.0015728,-1.0165,-0.0019661,-0.0092748,0.0072841,-0.089376,-5.2141,-0.4573,-35.931,-1.2153,18.611,-1.2932,-15.442
59.5,-0.0036173,-0.018178,-0.0021337,-0.98958,-0.0024742,0.0051996,0.0068542,-0.11846,-4.2421,1.2667,-36.172,-1.0811,19.314,-1.2041,-16.756,0.0022249,0.0016779,-0.00029131,-1.002,-0.0027766,-0.0058428,0.012581,0.043392,-4.0352,0.48479,-34.801,1.6265,20.749,-2.4548,-15.406
59.6,-0.0042088,0.0080137,-0.0281,-1.0018,-0.0013062,0.0014036,-0.0041677,0.21,-4.611,-0.40789,-37.815,0.059508,18.305,0.10271,-15.882,-0.0089724,-0.018181,0.0067676,-1.0042,0.0037294,0.0055103,-0.0047776,-1.5846,-4.0872,1.0698,-35.76,2.0356,20.015,0.86448,-18.115
59.7,0.0045522,0.0026004,-0.0037155,-1.0118,-0.0028417,-0.0033745,0.00040135,-0.3128,-3.0709,0.085695,-36.352,1.0041,18.06,0.66563,-14.327,-0.012857,0.0064731,-0.0060681,-1.0002,-0.0045244,0.0010222,-0.003188,-1.7397,-2.6287,-2.4287,-35.982,-0.045434,19.665,1.0811,-18.351
59.8,0.00037464,-0.0073973,-0.014187,-0.99394,-0.0055375,-0.0079253,-0.0010985,-1.5261,-2.3224,0.04718,-35.137,0.31955,20.352,2.6666,-14.944,0.0052152,0.005018,0.01213,-1.0041,0.0073598,-0.0020913,0.0024228,0.59982,-2.4741,1.0738,-37.242,-0.69533,18.558,-1.3117,-18.194
59.9,-0.012644,0.000726,-0.00079767,-0.9915,0.0016424,0.0011911,-0.0029737,-0.64707,-4.1055,0.49032,-36.337,1.7938,19.197,-0.71904,-17.088,-0.00041761,0.00039945,-0.0073311,-1.0005,0.0011866,-0.0084807,-0.00044798,-1.6353,-2.6304,0.84591,-36.672,-0.09982,19.428,-0.39441,-17.001
60,0.017034,0.00686,-0.0068604,-0.99424,0.010691,-0.0025682,-2.5416e-06,-0.38772,-4.7366,-2.0991,-35.047,0.83074,19.458,-1.0313,-15.53,-0.0015486,-0.0032488,-0.0044671,-0.99559,0.00035057,-0.0066486,0.0090634,0.56284,-3.1096,-0.76352,-37.973,1.3857,19.092,0.82724,-18.528
