time,q1_healthy,q2_healthy,q3_healthy,q4_healthy,omega1_healthy,omega2_healthy,omega3_healthy,wheel1_i_healthy,wheel1_w_healthy,wheel2_i_healthy,wheel2_w_healthy,wheel3_i_healthy,wheel3_w_healthy,wheel4_i_healthy,wheel4_w_healthy,q1_faulty,q2_faulty,q3_faulty,q4_faulty,omega1_faulty,omega2_faulty,omega3_faulty,wheel1_i_faulty,wheel1_w_faulty,wheel2_i_faulty,wheel2_w_faulty,wheel3_i_faulty,wheel3_w_faulty,wheel4_i_faulty,wheel4_w_faulty,
0,0,0,0,0,0,0,0,0,0,0,0,0,0,0,0,0,0,0,0,0,0,0,0,0,0,0,0,0,0,0
0.1,-0.71078,0.010985,0.11364,-0.69791,0.010827,0.0057936,-0.0026273,0.42835,-0.589,0.75247,-1.6954,0.11653,-1.3003,0.56765,-1.8942,-0.69121,0.012177,0.1282,-0.69347,-0.00088725,-0.0052557,0.0075825,2.514,-2.0817,-0.50077,-0.61938,-0.67442,-1.3521,-0.73153,-0.13628
0.2,-0.72631,-0.0068852,0.12515,-0.6932,-0.0083097,0.0034879,0.0027417,0.53523,-0.37767,-1.22,-1.6155,-0.19552,-0.47148,-1.006,1.4044,-0.69958,-0.012698,0.1067,-0.68756,-0.0070916,0.0029347,0.0096425,-0.26136,1.762,0.53932,-0.13794,0.86631,-0.3379,-0.049341,-1.7941
0.3,-0.70917,-0.00045845,0.12419,-0.71071,-0.00058215,-0.0097781,-0.00063859,-1.6639,1.6541,1.7628,0.60895,0.14079,-1.4298,-1.0579,1.0824,-0.71609,-0.0067123,0.11418,-0.67973,-0.0019374,0.0022375,0.00024452,0.38646,1.7832,-0.36365,-2.1481,-1.1642,-2.4904,-0.22847,-0.59711
0.4,-0.70396,0.00010269,0.12292,-0.70104,-0.0056144,-0.0037473,0.0056266,-1.4303,1.6941,-0.42693,-0.69814,0.12024,-1.4467,0.24566,0.27911,-0.70601,0.010596,0.13082,-0.70194,-0.012425,-0.0015098,0.0048806,0.27193,0.7831,0.14399,0.094024,-3.387,-1.7603,-1.6614,-3.2633
0.5,-0.71244,0.0039182,0.10962,-0.6858,-0.0015545,0.0021222,0.0077178,0.98556,1.6488,-1.4459,-1.9836,-2.5891,0.28564,-0.19324,-0.87691,-0.73164,0.00035332,0.11642,-0.68718,-0.0087416,0.00024641,0.0028174,1.0406,1.7939,0.097554,-9.8788e-05,-1.3211,-1.7161,-2.3232,-2.976
0.6,-0.70794,-0.012564,0.11067,-0.67087,-0.0078742,-0.0050198,0.0015805,-0.44383,1.8095,-0.086458,-1.3284,-0.64073,-2.0022,-0.90337,-2.2932,-0.70369,-0.0082925,0.12129,-0.67628,0.00014769,-0.004014,0.011568,-0.94708,1.5564,-0.72868,0.17877,-1.8413,-2.0997,-2.665,-0.68132
0.7,-0.69563,0.0030012,0.1131,-0.69568,-0.015373,-0.0056865,0.007868,1.5212,1.305,0.55737,0.43523,-1.1921,-1.3745,-1.3627,-3.62,-0.72411,0.0051814,0.11808,-0.68341,-0.015674,-0.004952,0.013548,0.54116,2.8687,-0.69487,1.279,-1.5533,-0.26323,-3.2615,-1.5483
0.8,-0.69356,0.025402,0.11102,-0.71001,-0.0039019,0.0028596,0.011411,-0.77328,1.8536,-1.2363,-1.6383,-0.99117,-1.0236,-0.91841,-2.7462,-0.7004,0.0044161,0.1361,-0.6786,-0.0082025,-0.0045357,0.015054,0.85753,2.507,0.45311,-0.50895,1.2927,-2.5376,-0.30326,-3.3983
0.9,-0.72137,-0.013547,0.11694,-0.71066,-0.0086401,-0.013137,0.011385,1.7537,2.7417,0.44921,-0.72058,-0.61283,-1.9218,-1.6176,-2.0253,-0.69514,-0.0045062,0.11748,-0.69969,-0.004922,-0.010569,0.0098251,1.4835,4.0741,0.5303,0.88107,-0.37987,-1.082,-2.0382,-3.1207
1,-0.70901,-0.0096449,0.11429,-0.70481,-0.017392,-0.012538,0.011395,0.48947,4.3491,1.0112,1.4065,1.5743,-4.3387,-0.74313,-2.6417,-0.71632,-0.020162,0.11174,-0.69284,-0.013037,-0.0055716,0.013563,1.3225,3.5894,-0.61366,-0.12262,-1.0245,-3.3094,-1.379,-2.2723
1.1,-0.7039,-0.0035875,0.12729,-0.68411,-0.021833,-0.0010167,0.0099272,-0.54658,2.3174,-1.3448,-1.7683,-1.9029,-0.072349,-1.2977,-3.782,-0.72483,0.010335,0.12127,-0.68976,-0.0052152,-0.0098777,0.015604,-0.56158,4.6808,-0.73094,0.62514,0.22729,-3.574,-1.4878,-2.588
1.2,-0.71894,0.010917,0.10271,-0.70243,-0.020151,0.002726,0.021435,2.2184,5.0107,0.42901,-1.7519,-1.2796,-3.3823,-3.3101,-3.3319,-0.70445,-0.0040598,0.12996,-0.73451,-0.015384,-0.0091628,0.022944,-0.29503,2.718,-1.7049,1.2955,-2.6574,-4.209,-1.6552,-4.3107
1.3,-0.69859,0.012842,0.10375,-0.71852,-0.018948,0.0044913,0.0095034,-1.4189,3.8752,-0.2167,-0.85967,-1.0241,-3.7843,-1.4435,-4.9172,-0.69424,-0.017556,0.1383,-0.70517,-0.015146,-0.0097713,0.026082,2.8621,2.603,-0.41666,-0.42129,-0.89135,-5.9155,-0.67626,-2.0608
1.4,-0.70451,0.019861,0.12893,-0.69461,-0.015808,-0.010648,0.026512,0.59718,5.0058,-0.8172,-1.4018,-1.3036,-2.9207,-0.81209,-5.7462,-0.69832,0.015111,0.11452,-0.68862,-0.019847,-0.003228,0.022231,1.0331,3.2224,-0.44284,0.031892,-0.89247,-2.9957,-2.1514,-4.5622
1.5,-0.68538,-0.0031283,0.12009,-0.70272,-0.016898,-0.0088893,0.018739,1.2056,5.3434,-1.0278,-0.17493,0.085779,-4.2096,-0.71819,-5.1365,-0.7045,0.0074851,0.10331,-0.71912,-0.019061,-0.0030353,0.021396,1.1036,3.2323,-0.17679,-0.49613,-1.9946,-5.2234,-1.8647,-4.4831
1.6,-0.69629,0.0054224,0.10895,-0.70325,-0.022189,-0.010084,0.02936,0.44894,2.539,-1.8292,-2.2158,-2.6747,-6.6573,-1.1895,-6.1463,-0.69391,0.0084384,0.12354,-0.70177,-0.021093,-0.0052963,0.018327,-1.0957,3.5956,0.18689,-1.3738,0.3213,-6.6363,-0.39986,-5.987
1.7,-0.67997,-0.0009165,0.11925,-0.68737,-0.029457,-0.012483,0.023698,0.81101,4.8336,1.3964,-0.36689,-2.312,-5.239,0.11231,-5.8682,-0.68919,0.016594,0.12574,-0.70205,-0.02894,-0.012189,0.0283,1.0829,4.5106,-0.038054,-1.3278,-1.365,-5.0381,-1.4812,-5.39
1.8,-0.68375,0.010327,0.12413,-0.69807,-0.030006,-0.016546,0.02972,-0.19244,3.5877,0.50968,-0.28195,0.37951,-7.4539,-1.0641,-5.5188,-0.70012,0.0079191,0.12569,-0.70195,-0.022066,-0.0032531,0.026636,1.2383,2.7863,-2.0585,-1.0281,-1.2756,-7.2305,-0.067429,-4.9782
1.9,-0.71202,0.0076133,0.12881,-0.69779,-0.030876,-0.004456,0.033529,0.63623,4.3368,-2.5355,-0.73171,-1.4798,-8.5026,-2.1943,-6.6,-0.70275,0.0093001,0.11749,-0.70956,-0.027426,-0.012766,0.019736,1.454,2.9123,-1.7372,0.60218,-1.3552,-7.0152,-1.0573,-7.5147
2,-0.6958,0.025794,0.1301,-0.70497,-0.027903,-0.0060288,0.036019,1.6362,6.1299,-1.448,-1.199,-1.0192,-6.2085,-1.2836,-6.8494,-0.69246,0.00043635,0.1545,-0.71839,-0.02511,-0.008126,0.028473,-0.60931,3.1982,1.5509,-2.5971,-1.4467,-7.6194,-1.7833,-5.7022
2.1,-0.68784,0.010589,0.11394,-0.73905,-0.034757,-0.015057,0.035896,2.5521,5.302,0.52869,-2.0853,-1.2516,-7.1603,-1.3042,-7.2125,-0.69328,0.012044,0.12467,-0.69925,-0.019252,-0.022934,0.02853,0.21299,6.996,0.20185,-0.28078,-0.84469,-6.1184,-2.1402,-7.2514
2.2,-0.70411,0.0059227,0.12507,-0.7119,-0.038227,-0.0030293,0.03532,1.304,4.8,-1.1181,-0.02207,-2.2168,-6.145,-0.43802,-8.0848,-0.69061,0.030256,0.11694,-0.69708,-0.034333,-0.017465,0.039509,0.50612,5.9599,-0.40818,-1.0975,-0.48031,-8.1264,-0.45974,-5.5723
2.3,-0.69734,0.0049189,0.10704,-0.70054,-0.030022,-0.014233,0.033325,0.084194,7.6581,-0.47212,-0.31864,-1.8016,-8.0311,0.76267,-8.9724,-0.70591,0.024507,0.10437,-0.72461,-0.033618,-0.01264,0.022675,-1.5352,6.3226,0.39379,-1.1038,-0.081563,-6.7454,-0.5955,-7.4925
2.4,-0.69542,0.0074664,0.1168,-0.70057,-0.027393,-0.009773,0.034914,-0.69687,6.3785,-1.4732,-0.91647,-0.52838,-8.2691,-1.8837,-8.0128,-0.69856,0.019399,0.11306,-0.71214,-0.035631,-0.0071924,0.032272,2.0241,6.4935,-0.4266,-3.4019,-1.9284,-7.3629,-1.306,-6.7154
2.5,-0.69714,0.00081391,0.12812,-0.72254,-0.029361,-0.015828,0.02812,2.0975,6.5909,0.9057,-1.5352,-0.46761,-7.5753,-1.1622,-8.1804,-0.68147,0.046998,0.12615,-0.72046,-0.033679,-0.0087624,0.043625,1.7205,6.2781,0.9467,-1.9878,-0.55445,-7.3463,-0.39401,-8.1868
2.6,-0.69506,0.028578,0.10903,-0.69778,-0.039208,-0.010305,0.036479,1.2305,7.8555,1.6157,-0.36251,-1.3314,-9.8981,-1.8802,-9.2517,-0.6821,0.018718,0.099084,-0.72242,-0.029367,-0.012545,0.035153,1.6983,7.8051,0.75859,-0.28484,-1.563,-7.6973,-2.6254,-10.1
2.7,-0.70399,0.020596,0.11561,-0.74103,-0.047312,-0.0045548,0.039139,1.7441,7.2305,0.33086,-1.6132,-0.43404,-8.878,-2.0375,-7.8806,-0.69867,0.018367,0.11973,-0.7257,-0.036144,-0.0085413,0.023394,0.12323,6.1525,-0.30903,-1.6895,-0.6214,-7.812,-0.42803,-11.104
2.8,-0.67781,0.011302,0.10413,-0.72326,-0.050115,-0.014978,0.044284,-0.015035,5.0348,0.20027,-1.8858,0.080212,-9.2474,-1.9941,-9.7592,-0.67418,0.029717,0.11635,-0.72429,-0.034167,-0.018447,0.038523,0.63305,8.3447,-0.036256,-0.85658,0.43782,-10.444,-0.55403,-8.6394
2.9,-0.70063,0.015515,0.11912,-0.70299,-0.044288,-0.016764,0.049882,2.0285,6.5155,-0.78723,-0.86802,-1.9674,-10.298,-0.20649,-11.406,-0.68428,0.035011,0.10697,-0.71504,-0.044731,-0.007443,0.044404,-0.71063,7.7438,0.50304,-1.1066,-1.496,-11.785,-0.38309,-9.1493
3,-0.675,0.016232,0.1015,-0.72098,-0.046801,-0.017617,0.042917,1.8603,8.8759,-2.0223,-3.6885,-1.2288,-12.457,-2.1054,-11.03,-0.66417,0.028564,0.11631,-0.7111,-0.04408,-0.018278,0.050514,-0.42372,8.0373,0.22029,-3.4822,-0.83705,-9.3774,0.5718,-11.148
3.1,-0.67395,0.011012,0.097065,-0.73875,-0.061183,-0.015232,0.040665,0.6511,7.7406,0.12454,-2.6402,-0.24364,-11.471,-1.1636,-11.916,-0.67585,0.03063,0.088665,-0.72145,-0.044489,-0.011889,0.050479,0.14152,8.4606,0.89913,-2.9783,-0.63268,-10.536,1.7044,-11.837
3.2,-0.68807,0.030108,0.088912,-0.72632,-0.04689,-0.022093,0.050319,0.13261,9.8575,-0.98896,-2.5686,0.0075587,-10.589,-3.0837,-10.459,-0.69067,0.03406,0.10861,-0.73895,-0.044882,-0.015445,0.048371,-1.156,7.7904,-0.60158,-1.0384,-1.6339,-10.099,-1.4899,-12.38
3.3,-0.66999,0.036661,0.11207,-0.71669,-0.042833,-0.020446,0.053966,-0.26488,8.7838,0.18936,-2.9821,-0.27831,-10.592,-4.3126,-10.982,-0.66893,0.027203,0.10368,-0.74219,-0.051849,-0.017322,0.058702,1.5544,7.3197,-0.77781,-1.9812,0.99876,-11.835,-1.6596,-13.421
3.4,-0.67044,0.033047,0.074814,-0.72861,-0.048891,-0.018469,0.043493,0.79391,9.8431,-1.8543,-3.9004,-1.9895,-10.569,-1.2662,-12.455,-0.67636,0.036523,0.10729,-0.7537,-0.049476,-0.020245,0.04227,-1.1378,8.8112,0.28747,-2.5567,-2.1537,-11.824,-1.8245,-12.408
3.5,-0.66374,0.04698,0.11365,-0.73935,-0.044524,-0.0076934,0.056298,-0.53255,9.9413,-0.36498,-2.2302,-1.446,-12.592,1.192,-13.395,-0.67741,0.043752,0.10855,-0.73226,-0.06014,-0.013572,0.054672,1.9151,9.8064,0.91842,-2.9752,-2.3704,-11.767,-0.9547,-13.203
3.6,-0.66402,0.034778,0.10742,-0.73778,-0.048675,-0.019063,0.062229,1.0869,10.086,-1.8479,-3.6786,0.20185,-12.577,-2.0863,-11.95,-0.668,0.033719,0.10353,-0.7417,-0.04534,-0.019435,0.046863,1.2353,9.9898,-1.564,-2.2785,0.10248,-11.772,-2.1479,-12.075
3.7,-0.66546,0.042124,0.096008,-0.73853,-0.048202,-0.012505,0.05693,-0.19736,11.613,-0.36023,-3.8202,0.5255,-11.137,-1.229,-11.59,-0.66978,0.048852,0.1129,-0.74345,-0.048386,-0.014393,0.042175,-0.45168,11.065,0.0083624,-2.6706,0.35787,-11.637,-0.33453,-14.491
3.8,-0.67183,0.025961,0.11214,-0.72441,-0.060872,-0.022351,0.05954,1.3,11.449,-1.1137,-2.724,-0.27961,-12.614,-0.51773,-12.385,-0.65877,0.048633,0.072651,-0.74118,-0.051164,-0.013996,0.063435,2.4379,10.683,-0.3877,-3.5951,-0.17345,-15.019,-1.3869,-12.412
3.9,-0.65051,0.030387,0.09248,-0.73405,-0.049186,-0.010191,0.053219,2.6381,10.385,-0.88758,-3.3538,-1.4649,-11.55,-1.6528,-12.668,-0.66003,0.059597,0.10965,-0.75822,-0.062318,-0.017648,0.061414,0.94084,9.4429,-1.7165,-3.6542,-0.91864,-12.563,-0.4274,-15.406
4,-0.65377,0.036504,0.092854,-0.74014,-0.053057,-0.010501,0.065462,1.067,11.656,-2.1837,-4.7647,-2.0485,-11.331,-0.65111,-12.237,-0.67016,0.038589,0.10565,-0.74815,-0.055856,-0.011309,0.067665,0.31911,9.8055,0.23847,-4.7905,-1.3174,-12.678,-1.8461,-14.753
4.1,-0.65567,0.054601,0.085891,-0.74365,-0.059037,-0.02592,0.055935,-0.62202,11.689,-0.96204,-3.8317,1.6798,-11.213,-1.1096,-13.789,-0.66608,0.041766,0.093958,-0.73687,-0.064795,-0.018033,0.063624,0.27775,11.128,-0.54414,-5.7811,-0.79317,-13.78,-1.5988,-15.7
4.2,-0.64865,0.037179,0.092758,-0.73345,-0.058496,-0.011488,0.061539,-0.30265,10.794,-2.493,-3.654,-1.4464,-14.141,-0.78552,-15.665,-0.65755,0.062157,0.084834,-0.74418,-0.065152,-0.025488,0.054873,-0.1652,11.019,-1.5114,-4.5682,-1.5316,-14.638,-0.61107,-14.4
4.3,-0.65783,0.050642,0.089465,-0.73385,-0.061769,-0.0034711,0.051449,0.054404,10.846,-1.7326,-5.5992,0.7036,-14.219,-1.7197,-14.674,-0.65056,0.055118,0.10291,-0.736,-0.060222,-0.016455,0.058648,-0.32977,10.109,-0.86577,-3.5943,-2.771,-13.628,-0.96404,-15.221
4.4,-0.65049,0.053211,0.084999,-0.75461,-0.059003,-0.01476,0.064393,1.2253,11.885,-0.92008,-4.9483,0.65917,-13.617,-0.1058,-16.355,-0.64457,0.040476,0.078171,-0.76646,-0.05999,-0.013819,0.058337,-0.6915,12.241,-2.3809,-6.2535,0.046296,-13.445,-1.7653,-16.034
4.5,-0.64476,0.064059,0.070985,-0.73693,-0.068343,-0.012913,0.052439,-0.98929,11.016,0.96112,-4.8609,-0.24077,-12.684,-1.668,-13.597,-0.66263,0.054385,0.080387,-0.76075,-0.064585,-0.015259,0.059559,1.6788,10.489,-1.0862,-6.1472,0.12763,-13.758,-1.6682,-17.374
4.6,-0.63818,0.068834,0.062084,-0.75056,-0.07044,-0.0064063,0.057572,0.12472,11.653,0.15594,-7.945,0.25513,-12.236,0.31135,-16.56,-0.64492,0.055799,0.080898,-0.74615,-0.060772,-0.01328,0.062581,0.76887,13.507,-1.2823,-6.2267,-0.68962,-14.307,-0.76369,-16.58
4.7,-0.63947,0.069924,0.097484,-0.74139,-0.064902,-0.011761,0.068021,1.8957,11.057,-1.6118,-5.8377,0.73298,-15.701,-2.3918,-17.123,-0.63822,0.06436,0.099131,-0.76721,-0.071967,-0.013479,0.067495,1.0382,10.5,-1.4465,-5.8673,-0.87127,-14.421,-0.37458,-18.849
4.8,-0.63721,0.062956,0.082233,-0.76994,-0.07458,-0.013022,0.062242,1.8068,13.349,-1.3396,-6.7138,-1.3439,-13.599,-0.98383,-19.069,-0.64127,0.077658,0.082597,-0.7441,-0.075706,-0.013014,0.064203,0.85748,13.155,-1.5322,-7.0179,-0.99143,-13.66,-2.1897,-19.805
4.9,-0.63637,0.04438,0.073443,-0.75618,-0.075853,-0.018184,0.06973,0.43135,13.298,-0.16077,-6.1333,-0.97424,-14.088,0.50739,-18.079,-0.63806,0.057241,0.083353,-0.7672,-0.071888,-0.0055283,0.068651,0.287,12.07,-1.8924,-8.471,-0.22019,-13.813,-0.61807,-18.585
5,-0.62811,0.062565,0.084275,-0.75871,-0.075315,-0.010617,0.069284,0.8055,13.836,-1.3516,-8.7343,0.42141,-15.811,-0.60898,-19.173,-0.64182,0.0857,0.073715,-0.76842,-0.077053,-0.017864,0.067823,1.1146,13.024,0.073747,-8.63,1.4113,-14.658,0.23227,-18.408
5.1,-0.62957,0.083139,0.086218,-0.7746,-0.084024,-0.020032,0.063861,0.49453,13.213,-0.79151,-7.7669,-0.27107,-14.548,-0.63751,-20.158,-0.64762,0.0697,0.071199,-0.76369,-0.077742,-0.0097714,0.07255,0.31789,15.772,-1.1067,-7.3699,-1.8095,-12.701,0.39349,-18.501
5.2,-0.63704,0.07012,0.082436,-0.76628,-0.073241,-0.0095195,0.071055,-0.82922,13.962,-0.7705,-5.5957,-0.034994,-14.11,-0.27502,-19.463,-0.60924,0.063003,0.085069,-0.76714,-0.079703,-0.015003,0.071206,2.0787,13.613,-1.101,-7.9949,-0.91814,-14.114,-1.4765,-19.736
5.3,-0.63469,0.06505,0.079125,-0.7675,-0.069026,-0.006261,0.069348,1.0159,14.911,-0.45694,-8.7647,-1.8871,-13.139,-1.8909,-20.393,-0.63103,0.080382,0.077328,-0.77953,-0.078394,-0.01383,0.069016,0.26828,13.623,-1.8623,-6.8078,-1.0813,-14.726,-1.1971,-19.237
5.4,-0.60305,0.089142,0.076423,-0.77515,-0.085263,-0.0083741,0.072398,1.9268,13.464,-0.75441,-6.741,1.5975,-14.31,-1.7596,-19.726,-0.63275,0.076271,0.069272,-0.78389,-0.08274,-0.004678,0.068458,-0.45464,14.055,-1.44,-8.82,-0.18095,-14.048,-1.0565,-19.982
5.5,-0.5972,0.091066,0.047436,-0.79625,-0.076063,-0.019599,0.067283,0.29529,16.469,-0.025571,-7.8349,-0.24416,-14.194,-1.7123,-20.301,-0.62592,0.082376,0.071243,-0.77772,-0.081564,-0.0059665,0.073043,2.081,15.594,-1.5986,-9.6359,-0.50584,-14.196,-1.2589,-19.639
5.6,-0.62716,0.064203,0.082916,-0.78486,-0.084171,-0.014141,0.070875,0.88811,13.598,0.0097354,-10.226,-0.69242,-12.79,-0.74641,-21.475,-0.60896,0.097961,0.062015,-0.77326,-0.08588,-0.01409,0.070552,1.603,14.685,-1.2435,-9.7131,-0.22556,-13.59,-1.0603,-21.075
5.7,-0.61288,0.086998,0.069025,-0.77071,-0.081487,-0.0065924,0.073624,0.044792,15.177,-0.89871,-9.9712,-0.86442,-14.763,-0.55264,-22.295,-0.61567,0.099789,0.062226,-0.78991,-0.086902,-0.011157,0.070224,0.78613,16.02,-1.068,-9.7567,0.22936,-15.134,-1.4095,-21.029
5.8,-0.59476,0.077635,0.06432,-0.77791,-0.081118,-0.0090745,0.085563,0.80784,17.386,-1.0988,-10.784,-0.48962,-12.185,-0.68712,-19.87,-0.60734,0.10077,0.060136,-0.78646,-0.080915,-0.0073421,0.063603,-0.51996,13.969,-0.32876,-9.4938,0.2396,-12.258,-1.9211,-21.004
5.9,-0.6068,0.10249,0.061871,-0.80541,-0.092741,-0.0084604,0.071186,1.7337,15.057,-1.6106,-12.05,0.76012,-14.925,-1.4586,-21.769,-0.61681,0.09017,0.056237,-0.77444,-0.084665,-0.01202,0.072609,0.052382,14.198,-0.98169,-10.578,-1.3857,-14.101,0.94665,-22.746
6,-0.59814,0.10029,0.056366,-0.78548,-0.089528,-0.0061467,0.073282,-0.22435,15.703,0.17909,-11.18,-1.6493,-13.67,-0.091815,-24.216,-0.59857,0.072934,0.056399,-0.79275,-0.086945,-0.0079015,0.081914,1.5964,17.129,-2.6185,-10.634,-0.47858,-15.334,-3.0326,-23.479
6.1,-0.59275,0.097639,0.070625,-0.8052,-0.090565,-0.0084421,0.080143,1.5561,18.023,-0.023907,-10.398,1.6132,-15.971,0.44151,-23.291,-0.59439,0.10584,0.045668,-0.80893,-0.086004,-0.013354,0.082059,1.4495,14.492,-1.533,-11.98,0.12889,-15.322,-1.103,-23.247
6.2,-0.59341,0.081805,0.042905,-0.78596,-0.088202,-0.0075146,0.074208,0.73045,17.334,0.16151,-10.737,0.34701,-14.495,-1.0877,-22.543,-0.57719,0.097557,0.055887,-0.80245,-0.085201,-0.0085054,0.067356,1.5665,17.67,-0.47423,-11.378,-0.13363,-11.988,0.37767,-21.991
6.3,-0.59488,0.11103,0.048844,-0.79888,-0.087282,-0.0091677,0.081128,-0.21495,15.767,-0.28551,-11.671,-2.7065,-12.538,-1.7987,-24.356,-0.58464,0.10374,0.070426,-0.80953,-0.089366,-0.0043879,0.080632,2.56,15.82,-0.22683,-13.396,0.037838,-15.109,-0.50715,-24.256
6.4,-0.58886,0.1138,0.066802,-0.81745,-0.084435,-0.0058973,0.087793,0.32387,18.175,-0.76584,-14.799,0.63095,-12.959,0.132,-23.822,-0.58905,0.084659,0.042342,-0.78871,-0.090767,-0.0019391,0.08408,0.76907,16.923,-1.2237,-13.662,-1.3715,-13.166,-1.2556,-24.837
6.5,-0.56593,0.10039,0.048714,-0.82217,-0.086158,-0.0062058,0.07575,1.6327,17.862,-1.2496,-13.682,0.26205,-14.023,-1.9473,-23.568,-0.57057,0.11807,0.037577,-0.79347,-0.096615,-0.0027612,0.090645,1.0294,16.057,-2.2427,-11.244,0.74914,-14.121,-0.51792,-23.29
6.6,-0.5525,0.10194,0.063764,-0.7903,-0.091593,-0.0060413,0.081056,1.3607,17.546,-2.5318,-12.302,-1.0006,-13.772,-1.8071,-23.484,-0.60448,0.099507,0.030923,-0.82485,-0.095595,-0.011146,0.077155,1.1751,15.216,-0.56574,-13.796,-0.70132,-11.502,0.23933,-23.632
6.7,-0.57998,0.10519,0.041711,-0.81481,-0.10031,-0.0029876,0.078853,0.62085,17.607,0.27952,-14.526,0.21026,-13.697,-1.3043,-26.809,-0.57531,0.11256,0.033334,-0.83171,-0.10024,-0.012814,0.082237,-0.21486,18.222,-0.91257,-12.019,1.0969,-13.848,-3.2107,-25.101
6.8,-0.57337,0.12174,0.015322,-0.81521,-0.096347,-0.0090238,0.080968,1.5752,16.7,-2.7384,-12.62,-0.7678,-12.613,-0.34725,-25.418,-0.5646,0.10511,0.040065,-0.80446,-0.10226,-0.00079667,0.078923,-0.02494,17.976,-2.913,-13.713,0.23994,-12.651,-0.87259,-24.313
6.9,-0.5764,0.1232,0.051468,-0.83655,-0.10124,-0.01172,0.07603,1.0948,17.967,-0.42241,-14.118,1.2253,-13.628,-1.4679,-26.478,-0.55946,0.13415,0.031084,-0.82716,-0.099704,-0.0072913,0.080819,0.24169,16.098,-2.2326,-13.261,0.82168,-11.954,-1.3647,-25.072
7,-0.55476,0.11528,0.034798,-0.81551,-0.10728,-0.0017699,0.077651,3.4208,16.884,0.081536,-15.281,0.64855,-12.997,-0.22362,-23.989,-0.56113,0.13616,0.024191,-0.80023,-0.10542,-0.0027026,0.081849,0.65155,18.57,-1.6227,-15.01,1.0964,-13.41,-1.7423,-26.258
7.1,-0.54855,0.11602,0.030309,-0.80624,-0.10078,-0.0089123,0.075768,0.40884,18.685,-2.3696,-16.293,0.29263,-11.545,-1.898,-27.376,-0.55865,0.11349,0.029121,-0.84407,-0.11129,-0.0047649,0.08377,1.4843,17.186,-0.079577,-15.603,0.44759,-12.207,-0.58341,-26.334
7.2,-0.53511,0.11773,0.024105,-0.83224,-0.10929,-0.014293,0.082282,1.6269,18.803,-2.4281,-15.344,-0.080507,-13.636,-0.14055,-25.761,-0.54069,0.13111,0.028304,-0.84318,-0.10654,0.0027377,0.082573,-1.267,17.832,-1.792,-15.159,-0.99983,-12.292,-1.0221,-26.374
7.3,-0.53184,0.12049,0.038912,-0.84273,-0.1089,-0.0072867,0.073738,2.1506,20.206,-0.89166,-13.597,1.3409,-12.009,-1.2274,-26.864,-0.5447,0.11909,0.040183,-0.83259,-0.10187,-0.01118,0.08155,-0.030648,17.578,-2.0803,-14.86,1.6063,-12.823,-1.4771,-27.504
7.4,-0.54483,0.14052,0.025083,-0.83268,-0.10436,-0.0052542,0.078443,0.81782,18.593,-2.4934,-16.136,0.42765,-12.06,-0.29643,-27.605,-0.54995,0.11316,0.015317,-0.83769,-0.10933,-0.010068,0.077395,0.23864,17.923,-1.6931,-16.18,0.38011,-12.576,-1.1155,-26.233
7.5,-0.54461,0.11393,0.019839,-0.82605,-0.10627,0.00025783,0.084263,-0.28933,18.601,-1.0209,-16.418,3.1295,-12.075,-1.1222,-27.045,-0.53413,0.12404,0.01257,-0.8526,-0.11231,-0.0089203,0.077928,-1.0221,20.478,-1.0691,-16.442,0.86286,-14.556,-0.27019,-29.131
7.6,-0.55553,0.12769,0.0077252,-0.8372,-0.10701,-0.0030467,0.083824,1.0509,20.188,-0.54903,-16.933,1.8877,-11.704,0.98639,-28.729,-0.52893,0.14639,0.003116,-0.82989,-0.11991,-0.01468,0.080707,0.33919,19.698,-2.6558,-17.956,-0.14461,-12.149,-3.6777,-28.828
7.7,-0.54027,0.12886,0.026405,-0.84398,-0.11378,-0.0076183,0.083391,2.0504,20.744,-1.217,-17.473,1.45,-8.9624,-1.9698,-28.797,-0.52397,0.14339,0.013016,-0.82217,-0.11019,-0.014571,0.076396,0.72249,19.012,-2.6175,-18.102,0.6875,-12.423,0.60223,-28.911
7.8,-0.51157,0.14439,0.031503,-0.8586,-0.1148,-0.0096228,0.086469,1.9923,19.909,-1.2855,-18.931,0.21817,-11.424,-0.65124,-28.696,-0.5202,0.14255,0.020594,-0.83742,-0.10879,-0.01249,0.07476,0.88668,20.565,-0.067855,-17.63,1.4359,-9.3175,-0.64789,-29.734
7.9,-0.5024,0.11058,0.0176,-0.85472,-0.11433,-0.0073497,0.074042,2.2348,22.309,-2.4747,-19.565,1.7617,-12.625,-2.1948,-29.547,-0.52934,0.1484,0.026733,-0.85208,-0.11492,-0.0018971,0.081364,0.96202,21.556,-0.841,-17.68,1.6714,-10.659,-2.6523,-28.93
8,-0.517,0.15521,0.013556,-0.85105,-0.1175,-0.011081,0.080325,-1.0038,20.337,-2.0588,-20.122,0.26419,-9.4909,-1.0474,-30.308,-0.50644,0.12586,0.0096477,-0.84187,-0.11544,0.0017199,0.076718,1.2864,20.485,-0.8682,-19.641,-0.10247,-9.6401,-1.1514,-32.015
8.1,-0.49511,0.14131,0.0066872,-0.85906,-0.12222,-0.00086586,0.078221,-0.020311,19.548,-2.0248,-18.917,1.4694,-10.539,-0.8386,-30.488,-0.51039,0.13035,0.016216,-0.86472,-0.11899,-0.0074001,0.084029,1.0034,20.755,-0.81876,-20.143,0.89908,-9.4072,-2.131,-30.443
8.2,-0.50797,0.13782,0.0085229,-0.85428,-0.12753,-0.0026879,0.065844,-0.15637,23.818,-0.49667,-20.124,2.6082,-10.133,-2.4277,-31.071,-0.48849,0.14836,-0.0032798,-0.86052,-0.12042,-0.005106,0.085141,1.0473,21.519,-0.45401,-17.852,1.4076,-10.684,-1.349,-30.906
8.3,-0.48527,0.17334,-0.0096897,-0.84516,-0.1244,-0.011018,0.0747,0.34005,20.504,-1.5587,-18.839,1.8212,-10.906,-1.5517,-32.512,-0.50058,0.15662,-0.0084902,-0.87061,-0.1202,-0.0090925,0.08122,3.0494,21.425,-1.5462,-17.878,1.7135,-8.4021,-2.085,-32.407
8.4,-0.47615,0.13449,-0.018099,-0.83399,-0.12322,-0.0095296,0.074904,-0.48341,20.045,-0.19496,-17.123,-1.1458,-7.9193,-0.61117,-31.736,-0.48343,0.15141,-0.0099521,-0.86963,-0.12371,-0.0098389,0.076373,0.69971,21.057,0.23406,-19.385,0.45278,-7.4957,-1.747,-31.535
8.5,-0.47811,0.14861,-0.010206,-0.85565,-0.11579,-0.011196,0.075847,-1.2193,21.018,-1.148,-20.509,2.6476,-8.907,-1.4755,-32.586,-0.46656,0.14699,-0.010681,-0.87584,-0.12642,-0.0074538,0.080614,0.74418,23.106,-1.4042,-18.661,1.1687,-6.9123,-2.627,-30.56
8.6,-0.48652,0.16464,-0.026046,-0.85693,-0.12788,0.0048877,0.066474,1.6676,21.871,-1.1583,-19.658,1.4173,-7.9437,0.64173,-30.587,-0.46707,0.15955,-0.014765,-0.86471,-0.12545,0.0002154,0.076314,0.27176,22.171,-0.75965,-20.288,-0.10604,-8.2756,1.32,-34.725
8.7,-0.45983,0.14459,-0.0071461,-0.86926,-0.12128,-0.011989,0.074194,-0.52815,22.646,-1.0418,-19.078,1.009,-7.2039,-1.1015,-31.615,-0.46066,0.14396,-0.017143,-0.86774,-0.12332,7.0508e-05,0.083767,3.6392,20.669,0.4802,-21.008,1.8681,-7.9999,-0.74816,-31.952
8.8,-0.46371,0.14148,-0.0018562,-0.87264,-0.12956,-0.0045786,0.075969,0.7872,22.908,-1.9761,-21.707,-0.8705,-8.2363,-1.2895,-32.192,-0.46293,0.14792,-0.0078173,-0.87511,-0.12905,0.0012666,0.085302,0.67517,22.999,0.33512,-22.183,-1.1893,-6.8929,-2.396,-31.478
8.9,-0.4336,0.15611,-0.0056163,-0.88127,-0.12403,-0.010199,0.07636,-0.56582,23.279,0.14674,-25.164,1.3405,-7.8073,0.034464,-33.782,-0.45228,0.16267,-0.024876,-0.8874,-0.1238,-0.011623,0.077348,1.1379,21.381,-0.91443,-21.886,1.1604,-8.5176,-0.12249,-33.604
9,-0.45094,0.15317,-0.0099459,-0.85664,-0.13219,-0.0044482,0.073482,0.30559,21.961,-0.88757,-22.951,2.1117,-7.8232,-2.3101,-33.039,-0.43454,0.16302,-0.0043287,-0.88009,-0.12145,-0.0061734,0.080344,2.2392,22.565,-1.2424,-22.26,0.99992,-8.5158,-1.7619,-31.112
9.1,-0.44844,0.15207,-0.017768,-0.86726,-0.12612,0.00076832,0.076542,-0.81942,21.477,-0.26019,-23.196,0.3476,-4.4906,-0.62702,-33.642,-0.45017,0.17382,-0.021096,-0.86439,-0.12468,-0.005363,0.081351,-0.3706,22.877,-0.45263,-20.958,0.58805,-6.9644,0.56018,-32.455
9.2,-0.44312,0.16503,-0.02207,-0.87501,-0.13313,-0.00038904,0.080138,1.2219,23.242,-2.019,-24.259,0.54387,-5.7729,-1.549,-32.723,-0.42785,0.16947,-0.023839,-0.884,-0.13691,-0.013706,0.083194,0.3481,25.051,-2.4205,-21.51,0.86573,-5.3098,-3.5822,-33.661
9.3,-0.43328,0.16941,-0.027843,-0.88622,-0.13146,0.00337,0.073699,2.1157,22.589,-0.95579,-24.311,2.4839,-8.084,0.061692,-33.11,-0.42411,0.17612,-0.021528,-0.91196,-0.13123,-0.0021141,0.078386,0.27578,24.937,0.067395,-22.576,0.99247,-5.2052,1.0737,-32.96
9.4,-0.42988,0.15749,-0.022562,-0.89406,-0.13436,0.012711,0.075703,-0.27171,24.165,-2.9812,-23.762,1.5588,-5.4244,1.116,-33.847,-0.42513,0.1801,-0.025388,-0.87408,-0.13019,0.0042078,0.079989,1.752,23.505,-1.5985,-23.744,0.51588,-5.6722,0.093977,-33.568
9.5,-0.4108,0.17412,-0.026559,-0.89673,-0.12647,0.0056992,0.079412,0.036225,24.879,-1.9446,-24.12,1.5785,-5.74,-0.60945,-31.539,-0.43139,0.19045,-0.031991,-0.87968,-0.13021,0.0074314,0.074469,1.9671,22.007,-1.6888,-23.741,1.4361,-6.2522,-0.75714,-32.766
9.6,-0.39077,0.19698,-0.009393,-0.91027,-0.13895,0.0030576,0.062903,-0.34622,24.636,-0.32807,-25.314,1.7083,-4.0994,0.72042,-33.631,-0.40467,0.16853,-0.035923,-0.8921,-0.13034,-0.0086555,0.071472,1.2244,22.817,-0.90297,-24.696,1.158,-4.9538,0.23869,-34.076
9.7,-0.41145,0.17066,-0.037794,-0.89788,-0.13615,0.0018179,0.074345,1.2274,24.61,-1.2497,-25.846,1.968,-3.5777,-0.62199,-34.528,-0.40566,0.17506,-0.030291,-0.90606,-0.1358,0.0003117,0.070303,1.2896,26.283,-0.75279,-23.446,1.0192,-3.4958,0.94697,-33.534
9.8,-0.39186,0.15497,-0.03726,-0.90503,-0.13749,0.006947,0.073396,1.5288,24.933,-0.57597,-23.298,2.6862,-6.9553,-0.24251,-35.027,-0.39455,0.1638,-0.018994,-0.90573,-0.14316,0.0058845,0.071726,1.1829,25.054,-0.5817,-23.161,0.6785,-4.6557,1.2886,-31.91
9.9,-0.40114,0.17612,-0.049298,-0.8961,-0.13049,0.0092716,0.076584,2.2118,25.425,-1.7498,-25.664,1.6014,-3.0087,0.16685,-33.793,-0.38739,0.1808,-0.015543,-0.90144,-0.13441,0.0047703,0.077113,1.1853,24.999,-1.4511,-25.299,0.010352,-4.963,0.24636,-33.625
10,-0.36493,0.17131,-0.037417,-0.89582,-0.14126,0.0095691,0.076386,0.22872,23.543,-3.5219,-25.787,1.9215,-3.1707,-0.24175,-32.137,-0.39338,0.17789,-0.039789,-0.89759,-0.14158,-0.017478,0.060645,0.58276,25.467,-1.1571,-26.509,-1.0218,-2.0664,0.22814,-32.947
10.1,-0.38275,0.1722,-0.04614,-0.90948,-0.14081,0.0078112,0.064359,1.4621,25.889,-1.6082,-26.058,2.8879,-4.5653,-2.1882,-33.83,-0.36282,0.18785,-0.038875,-0.91876,-0.14121,0.0049681,0.070653,-1.1996,25.156,0.15762,-25.931,2.5702,-3.0362,0.66149,-34.193
10.2,-0.37956,0.18984,-0.047645,-0.91315,-0.13773,0.0071985,0.068829,1.1748,25.438,-1.0009,-26.733,0.55358,-3.1245,-1.8867,-32.409,-0.38334,0.17615,-0.032279,-0.91305,-0.1478,-0.0020717,0.067258,-0.13182,26.324,-1.1681,-26.067,1.3754,-2.7041,-0.13652,-32.166
10.3,-0.35101,0.18323,-0.041775,-0.90272,-0.13572,0.005989,0.069354,0.8262,25.495,0.025345,-28.253,2.3049,-1.627,-0.40807,-32.898,-0.36202,0.17295,-0.046391,-0.91533,-0.14043,0.012297,0.059036,-0.65169,27.421,-1.3859,-27.125,0.6915,-1.856,0.68814,-32.438
10.4,-0.36588,0.18334,-0.056955,-0.90512,-0.13243,0.014118,0.061648,0.20453,24.772,-3.1835,-28.444,0.6371,-2.3956,1.1393,-32.762,-0.37774,0.18899,-0.040367,-0.92114,-0.13853,0.0066162,0.063331,0.718,27.417,0.45387,-26.092,0.67074,-0.64085,0.7192,-30.939
10.5,-0.34648,0.17247,-0.039334,-0.92476,-0.13286,0.013527,0.05927,-0.14098,27.159,-1.3852,-29.437,0.63456,-3.1451,-0.19448,-31.077,-0.35307,0.19227,-0.046839,-0.9277,-0.13224,0.012142,0.061272,-0.19056,26.082,-1.3093,-25.606,0.42665,-4.045,1.6231,-30.644
10.6,-0.34348,0.1743,-0.06932,-0.94482,-0.13813,0.011276,0.058332,0.19135,26.576,-2.1751,-28.428,0.6672,-1.9961,0.031696,-31.735,-0.35067,0.18726,-0.036333,-0.90979,-0.14264,0.01358,0.048175,2.6,28.328,0.33147,-28.307,0.29232,-2.4905,0.40866,-31.271
10.7,-0.32684,0.18183,-0.063413,-0.92709,-0.13525,0.015136,0.064386,1.1539,28.217,-0.97618,-29.626,0.45976,-2.4956,1.0291,-30.247,-0.3507,0.19022,-0.050918,-0.9212,-0.14546,0.0019616,0.060938,0.59625,28.931,-0.90154,-28.195,1.9691,0.13353,0.14068,-32.242
10.8,-0.32567,0.17434,-0.033546,-0.91485,-0.13993,0.02044,0.062885,1.3023,26.869,-0.64999,-27.703,2.2403,-0.13653,0.73883,-33.451,-0.32129,0.18702,-0.054092,-0.93221,-0.12812,0.0096064,0.064709,0.28578,28.408,-0.37217,-27.39,0.74543,-0.85667,1.0974,-31.123
10.9,-0.34878,0.19719,-0.058344,-0.93535,-0.13555,0.018365,0.059011,0.50162,28.36,-1.4071,-30.215,1.0508,-0.75637,-1.0518,-30.264,-0.3223,0.19694,-0.0587,-0.92592,-0.13368,0.010099,0.066651,1.2345,26.937,-1.0013,-27.219,-0.0328,-2.2073,0.8451,-30.926
11,-0.30334,0.18232,-0.051847,-0.91234,-0.13547,0.014096,0.06098,1.3592,28.237,-2.293,-29.861,2.8801,0.28979,0.61115,-29.881,-0.32405,0.17951,-0.043973,-0.91506,-0.14588,0.017284,0.067066,0.74786,28.462,-1.508,-27.693,2.2966,-0.55115,1.4679,-32.192
11.1,-0.29803,0.17623,-0.050421,-0.94779,-0.13115,0.010447,0.051386,0.64749,26.065,-0.53393,-30.535,-0.089165,1.5111,-0.75316,-31.286,-0.32221,0.19982,-0.065222,-0.93122,-0.13746,0.015294,0.060033,0.1518,26.915,-1.6907,-29.6,0.85682,-0.48959,0.36388,-29.46
11.2,-0.29747,0.19204,-0.073456,-0.93938,-0.14108,0.021024,0.051322,1.2743,27.139,-1.1744,-30.431,-0.15643,-0.17717,0.30214,-29.778,-0.30147,0.19163,-0.052371,-0.93854,-0.13184,0.019302,0.060821,0.38173,27.246,-2.6295,-28.967,-0.89062,-1.7365,-0.45149,-29.963
11.3,-0.28782,0.19382,-0.04336,-0.93952,-0.14091,0.022842,0.053387,2.0477,27.857,-0.64982,-33.688,2.502,1.4906,1.7229,-28.942,-0.29336,0.18806,-0.079054,-0.92879,-0.15517,0.013173,0.051925,1.5599,28.124,0.017702,-27.719,0.5539,1.9286,0.18691,-29.538
11.4,-0.28864,0.17559,-0.061351,-0.94169,-0.14113,0.027413,0.053855,2.3621,27.267,-0.82336,-32.725,1.2123,1.7523,1.4847,-28.275,-0.28905,0.18932,-0.045012,-0.92292,-0.13506,0.020839,0.048501,0.84215,28.777,-1.0355,-30.245,1.6042,0.28963,-0.62118,-27.712
11.5,-0.28899,0.19342,-0.064676,-0.94023,-0.14354,0.017659,0.052775,0.97842,27.252,-0.066966,-31.594,0.0061839,2.7956,1.269,-30.034,-0.27885,0.18427,-0.053338,-0.93346,-0.13511,0.014065,0.051832,1.1601,29.034,-1.8132,-29.378,2.0682,1.9685,2.2018,-27.011
11.6,-0.27049,0.18696,-0.062139,-0.95141,-0.14029,0.023229,0.050661,0.8892,28.355,-1.571,-32.131,-0.050986,0.68381,0.797,-28.494,-0.26929,0.17585,-0.055232,-0.93985,-0.13818,0.013298,0.047494,2.4616,28.742,-1.7737,-29.603,0.46485,0.17754,1.1406,-29.468
11.7,-0.26012,0.1954,-0.055193,-0.94195,-0.13233,0.029569,0.052086,-0.90767,30.131,-2.0299,-33.787,0.94159,2.5124,0.23672,-28.757,-0.25587,0.19086,-0.06968,-0.9446,-0.13833,0.021543,0.035811,2.0831,29.569,-2.4088,-32.14,1.2682,2.2009,-0.31669,-26.893
11.8,-0.26091,0.18457,-0.061248,-0.92772,-0.13757,0.032127,0.034441,0.53455,30.704,-0.0104,-32.889,0.55056,2.9118,0.80845,-28.233,-0.27059,0.18389,-0.064148,-0.94701,-0.14418,0.018307,0.048301,0.64353,30.306,-0.81776,-30.861,0.03589,1.8778,0.28029,-28.755
11.9,-0.24345,0.18506,-0.081221,-0.94335,-0.14281,0.039173,0.0397,-2.3598,29.202,-2.6372,-36.354,0.35201,0.95845,2.3809,-27.644,-0.24451,0.20069,-0.066642,-0.94315,-0.13722,0.01839,0.05121,2.4329,28.547,-0.12839,-32.493,2.0186,2.907,2.2123,-27.931
12,-0.23026,0.18379,-0.075464,-0.95098,-0.13907,0.043418,0.041761,0.0028585,28.757,-1.6712,-34.611,0.34722,1.2805,-0.49817,-29.551,-0.24083,0.1992,-0.057705,-0.94825,-0.13328,0.020989,0.051317,0.50727,29.82,-0.9865,-30.232,1.1957,3.2198,1.457,-26.39
12.1,-0.22296,0.18586,-0.08037,-0.95645,-0.13127,0.033083,0.046602,-0.27761,29.711,-0.99363,-34.441,2.1548,4.1796,1.3787,-26.162,-0.2308,0.19522,-0.065695,-0.9572,-0.14407,0.017609,0.037727,-0.75936,27.078,-1.8461,-30.384,-0.66678,1.642,-0.52205,-28.013
12.2,-0.22202,0.19027,-0.068893,-0.92627,-0.14315,0.034345,0.034398,0.025735,31.718,-1.6109,-34.264,-0.38997,3.3743,0.58656,-26.591,-0.22007,0.18472,-0.063763,-0.9396,-0.14787,0.033879,0.044409,1.5725,30.414,0.51601,-31.886,-0.7547,2.7451,0.57581,-25.2
12.3,-0.21743,0.17874,-0.09659,-0.95859,-0.15108,0.036041,0.038337,1.6223,29.037,-0.78327,-36.592,0.80679,3.6589,1.3131,-24.482,-0.23008,0.19681,-0.069922,-0.9461,-0.14699,0.031443,0.040704,4.0408,31.372,-2.1141,-30.863,0.094329,4.3919,1.1454,-27.755
12.4,-0.20181,0.18569,-0.083832,-0.94934,-0.14164,0.039972,0.032273,1.0918,31.059,-0.42112,-36.071,-0.18895,2.34,0.013987,-26.322,-0.20109,0.19308,-0.083999,-0.95824,-0.14177,0.027896,0.037986,1.4033,30.291,-4.2039,-34.192,2.0872,4.5942,-0.78807,-24.332
12.5,-0.21235,0.17885,-0.066812,-0.9595,-0.14503,0.038755,0.037385,-0.30471,30.928,-2.5626,-38.126,1.1829,3.6746,-0.20862,-26.131,-0.20672,0.19084,-0.076771,-0.95062,-0.14548,0.030559,0.040036,1.482,29.415,0.044854,-33.666,0.33716,3.449,0.29066,-24.958
12.6,-0.19716,0.18205,-0.083489,-0.95844,-0.14575,0.038674,0.034625,1.3422,31.485,-0.22621,-36.833,0.73877,4.7396,-0.68952,-25.46,-0.19839,0.20579,-0.049894,-0.95179,-0.14765,0.036904,0.033969,2.6821,29.321,-0.56872,-33.449,2.2463,4.7248,0.38082,-24.598
12.7,-0.18971,0.17911,-0.065114,-0.96358,-0.14786,0.045843,0.033971,-0.32471,31.187,-0.31436,-38.212,1.3762,3.8713,0.79937,-24.659,-0.21558,0.18568,-0.082283,-0.96456,-0.14771,0.04519,0.033741,1.9617,31.404,-0.52388,-34.5,0.21251,4.8189,-0.43261,-24.388
12.8,-0.1788,0.17872,-0.065891,-0.97181,-0.14479,0.039086,0.034045,-0.098164,32.075,-0.62462,-36.807,2.1741,5.3696,1.785,-25.372,-0.17196,0.19342,-0.06313,-0.98277,-0.14051,0.025051,0.021787,2.3017,29.535,-0.91361,-33.915,-0.098139,4.3935,1.6697,-24.744
12.9,-0.16499,0.17042,-0.075873,-0.96398,-0.14516,0.04849,0.030582,1.3323,32.529,-2.3135,-38.283,1.936,4.674,3.0929,-24.449,-0.17138,0.19389,-0.069714,-0.96795,-0.14403,0.030745,0.037428,1.7375,30.779,-2.0973,-36.008,0.99508,5.2973,2.008,-25.056
13,-0.16525,0.15161,-0.06857,-0.9796,-0.15079,0.038371,0.028516,1.0121,31.189,-1.1358,-37.243,0.20516,4.929,1.8464,-24.58,-0.16437,0.18002,-0.063011,-0.95719,-0.14688,0.0378,0.036799,1.7669,32.433,-2.0443,-34.589,1.4274,6.1068,0.24118,-23.562
13.1,-0.14174,0.18781,-0.070727,-0.96499,-0.15445,0.052991,0.03102,-1.2277,33.272,-0.12687,-37.384,1.3775,4.6452,3.1989,-24.177,-0.16843,0.18846,-0.089021,-0.96065,-0.14428,0.040791,0.038221,1.0975,32.131,-0.13173,-33.753,0.93618,6.1773,-0.051808,-23.601
13.2,-0.14686,0.17161,-0.084274,-0.97372,-0.14872,0.046248,0.020955,0.92232,31.753,-1.0811,-38.583,1.6416,5.6489,1.9478,-24.075,-0.15683,0.18121,-0.066556,-0.96009,-0.14615,0.031906,0.020904,0.047066,33.275,-2.3322,-36.684,-0.5944,6.0099,1.508,-24.173
13.3,-0.13938,0.17074,-0.08999,-0.99145,-0.14033,0.03757,0.03215,-1.938,32.688,-1.2643,-40.82,1.8982,4.9025,1.6026,-23.924,-0.15883,0.15715,-0.081022,-0.96373,-0.14155,0.033335,0.026296,0.092827,32.562,-0.47834,-34.893,2.7348,5.9197,-0.45807,-23.441
13.4,-0.14398,0.16208,-0.084714,-0.97087,-0.13571,0.049323,0.021933,-0.52143,32.024,-2.1152,-42.135,2.6991,6.7873,1.0148,-22.206,-0.13637,0.19939,-0.085312,-0.96502,-0.14339,0.041545,0.030962,-0.081297,33.992,-1.0457,-37.09,2.173,4.4016,-0.19522,-22.434
13.5,-0.12271,0.17034,-0.081192,-0.96679,-0.14245,0.050248,0.024429,-1.6915,30.663,-0.52774,-40.49,1.5594,6.0859,-0.77143,-22.865,-0.12156,0.15667,-0.07368,-0.97742,-0.14099,0.043697,0.029223,-0.642,30.513,-0.99928,-37.054,2.5727,6.455,0.75945,-23.481
13.6,-0.095511,0.16814,-0.079319,-0.96371,-0.13972,0.061528,0.015592,-1.544,31.761,-2.6467,-42.03,0.22713,6.0022,1.2573,-21.557,-0.10928,0.1806,-0.09552,-0.9723,-0.1417,0.049059,0.020705,0.46139,32.312,0.87348,-35.9,3.0071,5.6988,-0.84647,-21.961
13.7,-0.11818,0.16009,-0.066048,-0.98523,-0.1429,0.060343,0.020816,0.26291,31.362,-0.24388,-40.871,0.25232,6.8214,1.4512,-22.402,-0.11704,0.18556,-0.078003,-0.98523,-0.14264,0.0463,0.023949,-1.6496,31.757,-2.641,-37.507,1.8339,5.9791,1.4074,-20.943
13.8,-0.091162,0.14724,-0.093788,-0.9724,-0.14923,0.058791,0.025699,0.76817,33.22,0.7262,-41.335,1.1675,5.924,1.2223,-19.538,-0.10233,0.18173,-0.089066,-0.96926,-0.13685,0.039917,0.025237,-0.23861,31.653,-2.4579,-37.297,-0.16006,7.8269,-0.86654,-21.009
13.9,-0.11218,0.16847,-0.086307,-0.98111,-0.13745,0.063478,0.024399,0.96006,30.466,-1.4453,-41.174,3.2355,7.5181,-0.21607,-18.616,-0.10333,0.17536,-0.055385,-0.98927,-0.13864,0.044521,0.017654,-1.461,33.094,-1.4709,-36.96,0.59461,7.8232,-1.4191,-22.676
14,-0.086133,0.17697,-0.08465,-0.9982,-0.13288,0.061488,0.014447,-0.29585,32.838,0.06256,-41.102,2.2063,8.1842,2.2828,-20.115,-0.11,0.16833,-0.072994,-0.97167,-0.1329,0.050518,0.014923,-0.4398,30.164,-1.7988,-38.617,2.0108,9.0921,1.0034,-19.94
14.1,-0.074959,0.1203,-0.068466,-0.98342,-0.1369,0.073805,0.014348,-0.99919,27.569,-2.2686,-44.706,2.9842,7.1564,-0.15737,-19.063,-0.084783,0.17554,-0.07444,-0.9828,-0.12835,0.04763,0.019957,-1.7878,28.968,-1.3592,-38.221,0.5408,9.4756,0.63065,-20.944
14.2,-0.067179,0.13629,-0.090343,-0.96873,-0.13448,0.067203,0.019435,-1.1875,27.789,-1.1093,-41.653,0.74487,8.3499,-0.30731,-19.148,-0.094496,0.16053,-0.085808,-0.96628,-0.13093,0.05254,0.014503,-1.6023,29.684,-0.18439,-38.387,3.3952,7.5775,-0.16373,-18.969
14.3,-0.064199,0.14145,-0.097872,-0.98966,-0.13567,0.061131,0.01186,-1.8646,28.277,0.1218,-43.003,1.0359,10.575,0.034014,-21.189,-0.070288,0.15925,-0.083296,-0.97244,-0.13007,0.051372,0.020021,-2.9821,30.3,-0.52851,-40.423,1.2553,9.9263,1.0233,-19.629
14.4,-0.074423,0.13998,-0.088475,-0.98682,-0.12922,0.061728,0.026419,-0.79647,28.391,-2.0347,-45.879,0.71383,10.159,0.59268,-19.145,-0.079992,0.16718,-0.071777,-0.99677,-0.13137,0.049946,0.011989,-0.85774,29.755,-0.29913,-39.345,0.076449,9.9097,0.57672,-19.337
14.5,-0.047858,0.14278,-0.092603,-0.98248,-0.12178,0.065354,0.013251,-0.32162,28.393,-0.97222,-43.686,1.5537,10.161,-1.035,-17.657,-0.060794,0.17058,-0.074984,-0.98447,-0.12366,0.0578,0.013297,-0.28132,27.639,-0.23711,-39.737,1.4095,8.4029,0.32334,-19.633
14.6,-0.0459,0.13624,-0.095297,-0.97465,-0.11933,0.066216,0.01168,-0.9983,28.563,1.3809,-44.352,0.99298,9.8143,0.69561,-19.204,-0.06945,0.16842,-0.092715,-0.985,-0.12732,0.046488,0.008745,-1.2722,28.291,-0.96124,-41.277,2.3655,8.3257,0.49239,-18.589
14.7,-0.036921,0.15156,-0.086007,-0.98225,-0.12111,0.065534,0.011219,-0.86205,27.844,-2.1701,-43.767,-0.13329,8.8399,1.4472,-17.156,-0.030092,0.15804,-0.06356,-0.98894,-0.12203,0.056137,0.014613,-1.2961,26.791,-0.46645,-41.359,1.4716,10.779,0.11122,-20.098
14.8,-0.042657,0.13428,-0.0954,-0.97798,-0.11649,0.065879,0.0029472,-1.634,27.124,-1.5033,-44.863,0.67714,9.7027,-0.41349,-17.575,-0.048779,0.15177,-0.083572,-0.99186,-0.11355,0.05568,0.011376,-1.1192,27.548,0.3768,-41.465,0.95335,9.8646,0.69277,-17.505
14.9,-0.01493,0.14164,-0.091778,-0.98118,-0.11559,0.073965,0.0097401,-0.93942,25.365,-2.2684,-43.984,0.26144,10.901,-0.086945,-19.484,-0.030355,0.15631,-0.073191,-0.98989,-0.11521,0.057243,0.0051796,-2.5457,25.395,-0.57851,-42.402,1.5907,10.513,-0.57845,-17.771
15,-0.039804,0.12977,-0.094569,-0.97691,-0.1235,0.078599,0.0042219,-1.1117,25.715,0.31328,-47.907,2.1796,10.095,0.83471,-17.676,-0.0076181,0.15466,-0.067357,-0.98902,-0.11387,0.061547,0.0073864,-3.7182,26.891,0.35264,-40.989,1.2642,11.772,0.76493,-16.79
15.1,-0.023845,0.1254,-0.089622,-1.0024,-0.11711,0.066197,0.0050202,-1.7892,24.017,0.67303,-45.36,0.77599,11.099,1.4048,-18.295,-0.0074578,0.14967,-0.067531,-0.97752,-0.11795,0.067627,0.0060207,-1.8056,25.222,-0.61477,-42.684,0.8326,10.769,0.73297,-18.837
15.2,-0.027651,0.11042,-0.086245,-0.98825,-0.11707,0.079494,0.012186,-0.040644,24.265,0.22875,-47.171,-2.0375,9.6584,1.2795,-17.952,-0.022733,0.14479,-0.067978,-0.98632,-0.11091,0.057447,0.0071798,-1.0814,24.114,-2.9998,-42.342,-0.28996,10.69,-0.13675,-17.747
15.3,-0.0053048,0.11105,-0.099193,-0.99981,-0.11264,0.078997,-0.0040914,-1.8979,24.577,-1.4643,-48.413,1.5309,9.5489,0.72924,-16.995,-0.018552,0.13441,-0.061706,-0.98964,-0.11031,0.067154,0.0077577,-0.50487,25.14,0.39085,-42.73,-0.041432,10.92,1.046,-15.201
15.4,0.0054827,0.11667,-0.097058,-0.98736,-0.10727,0.083341,0.0022836,0.15321,25.314,-1.9285,-48.234,0.1199,10.113,-0.80924,-20.086,-0.0068214,0.14023,-0.072665,-0.97733,-0.11638,0.075032,-0.0018998,-1.9877,24.453,-1.8235,-40.856,1.1575,9.2523,-2.0335,-17.416
15.5,0.017492,0.12908,-0.078499,-1.0046,-0.0963,0.075762,-0.0024661,-1.2248,24.667,-1.2714,-48.892,0.23243,12.269,0.79668,-15.795,-0.0087035,0.13741,-0.067955,-0.98706,-0.098616,0.072622,0.0076009,-1.969,23.601,-0.83681,-44.51,0.96703,10.455,0.5791,-17.496
15.6,-0.0023392,0.09762,-0.093135,-0.98264,-0.10277,0.091487,0.0016015,-0.81745,22.587,-1.1153,-48.516,1.7684,12.519,1.9364,-16.321,0.006084,0.12912,-0.062953,-0.99588,-0.1,0.063178,0.0020426,-2.2064,23.336,-0.53997,-43.435,0.72991,13.023,-0.18797,-16.274
15.7,0.010041,0.096544,-0.078925,-0.99328,-0.090144,0.08515,0.001018,-0.047474,22.343,-0.7324,-48.604,1.0471,12.724,1.622,-16.534,-0.0063365,0.14486,-0.086817,-0.99342,-0.10236,0.068181,-0.00013653,-2.5661,22.615,-1.5066,-43.306,2.6122,10.81,2.2111,-12.391
15.8,0.006935,0.092867,-0.078749,-0.98924,-0.096912,0.086781,-0.0035928,1.5675,22.32,0.13011,-49.581,0.44409,12.638,-0.45696,-15.152,0.026392,0.11929,-0.07787,-0.99402,-0.10049,0.075991,-0.0074372,-1.1755,22.918,-0.86185,-42.768,0.22846,11.905,1.0634,-14.346
15.9,0.010882,0.090654,-0.085564,-0.99482,-0.095502,0.086859,0.0013938,-1.758,21.33,-0.6985,-51.231,-2.0165,12.096,2.3339,-15.396,0.024584,0.11724,-0.056819,-0.99802,-0.10272,0.070603,-0.0053413,-2.0303,22.037,-0.51949,-44.772,0.40397,10.869,2.2237,-13.052
16,0.031807,0.10698,-0.072538,-0.97947,-0.093342,0.09697,-0.0080566,-1.4284,21.592,-0.5214,-51.893,1.4423,13.765,0.90169,-14.534,0.014198,0.10095,-0.068685,-0.97818,-0.099204,0.079873,-0.0005809,-1.3904,21.746,-0.81794,-44.359,2.1963,11.808,0.86773,-14.627
16.1,0.023445,0.091886,-0.067006,-0.98811,-0.086218,0.091729,-0.0037071,-1.2517,20.139,0.68425,-50.249,1.0891,12.613,0.078913,-14.868,0.011756,0.097035,-0.075221,-0.96521,-0.094058,0.074292,-0.0002778,-0.99556,23.224,-0.42224,-46.083,0.40852,12.555,0.43099,-12.994
16.2,0.045112,0.097517,-0.073539,-0.98874,-0.089136,0.094702,-0.0146,-2.4304,20.498,-0.96472,-48.778,0.93807,15.221,-0.28286,-13.905,0.052183,0.11557,-0.053991,-1.0103,-0.097357,0.079575,-0.013617,-0.21592,22.43,-0.74969,-44.903,0.52956,12.983,1.8968,-12.877
16.3,0.052275,0.085889,-0.061282,-1.0059,-0.07797,0.093908,-0.0081463,-0.2241,20.203,-0.17757,-49.824,1.0166,14.557,-0.13194,-13.257,0.05209,0.10109,-0.063467,-0.97601,-0.08538,0.085395,-0.011383,-1.7505,19.398,-1.1433,-47.407,0.64362,13.703,1.6867,-12.174
16.4,0.046728,0.070315,-0.078376,-0.98964,-0.081511,0.093677,-0.0099818,-2.8437,19.153,0.67178,-49.079,-0.21654,14.521,1.4766,-13.166,0.055378,0.10549,-0.0726,-1.0117,-0.084113,0.082698,-0.0088271,-2.0371,19.832,-0.1052,-46.823,0.28065,11.638,1.8372,-14.464
16.5,0.043271,0.079963,-0.072802,-0.99731,-0.088456,0.083463,-0.0093534,-0.74035,19.979,0.42495,-49.926,-0.015871,14.85,2.2127,-11.339,0.055393,0.090685,-0.053135,-1.0027,-0.076967,0.082736,-0.0098127,-2.7143,19.42,-0.90074,-47.057,1.113,16.553,1.0967,-10.721
16.6,0.058486,0.058448,-0.070052,-0.99595,-0.082722,0.095123,-0.011326,-0.65289,17.794,1.6706,-50.023,1.2666,15.173,1.7534,-12.593,0.057902,0.089403,-0.059595,-0.99408,-0.076136,0.086272,-0.012011,-0.076539,18.365,-1.2458,-47.341,-2.1217,14.136,-0.48697,-13.714
16.7,0.065229,0.069573,-0.10539,-0.99064,-0.07467,0.078226,-0.014611,0.024845,17.716,1.4939,-49.569,2.4715,15.081,1.2113,-12.12,0.055224,0.10325,-0.050837,-0.99331,-0.085512,0.077647,-0.011244,-0.6634,18.101,-0.65905,-48.048,0.3579,13.846,1.3882,-13.114
16.8,0.087642,0.051032,-0.080472,-0.9963,-0.071493,0.096542,-0.020061,-2.2691,18.598,-0.55291,-47.642,1.2793,14.084,1.0462,-11.822,0.051962,0.10633,-0.06221,-0.99495,-0.078272,0.08354,-0.010543,-1.0015,16.847,1.5504,-48.385,0.90632,12.778,0.43863,-11.992
16.9,0.046951,0.062191,-0.065237,-0.99547,-0.068589,0.091191,-0.0028432,-1.3789,18.84,-0.5259,-50.491,0.86483,13.609,-0.75162,-11.453,0.084887,0.10125,-0.068521,-0.98977,-0.072428,0.093065,-0.012562,-0.65257,16.907,-0.815,-46.042,1.5992,15.453,0.50795,-11.024
17,0.066465,0.043764,-0.066088,-0.99351,-0.0786,0.091309,-0.014038,-1.6357,16.969,0.34092,-51.286,-0.1669,14.691,2.3038,-9.7932,0.075527,0.079152,-0.060224,-0.99647,-0.069561,0.096426,-0.019371,-2.5246,17.11,-1.4664,-49.024,1.9116,17.989,1.5986,-10.79
17.1,0.067241,0.031961,-0.054919,-0.99642,-0.074625,0.09294,-0.022316,-2.6298,14.145,1.2138,-50.658,1.3147,16.21,-0.3227,-11.787,0.073627,0.076222,-0.050732,-0.99093,-0.069843,0.09162,-0.01248,-0.5345,16.389,1.6125,-47.472,-0.42869,15.517,0.86544,-11.832
17.2,0.061722,0.049379,-0.067722,-0.98762,-0.06406,0.092038,-0.017259,-1.5279,15.166,1.3495,-48.413,-1.3556,16.864,-0.25874,-9.318,0.095132,0.066134,-0.053238,-1.0061,-0.068233,0.089705,-0.022467,-0.075353,17.16,-0.34827,-47.965,0.14144,17.105,0.1243,-10.429
17.3,0.098021,0.042339,-0.066541,-0.98932,-0.069744,0.097538,-0.023785,-1.8792,16.144,0.56334,-49.191,1.0648,15.514,1.3775,-11.447,0.081417,0.068803,-0.031196,-0.99654,-0.070715,0.089392,-0.013053,-1.0768,16.053,0.24997,-46.638,1.3671,16.262,-0.70818,-9.5563
17.4,0.081807,0.035592,-0.073206,-1.0016,-0.069325,0.090422,-0.018286,-0.20522,13.714,0.51636,-47.366,1.3108,17.714,0.45328,-9.9579,0.071962,0.052864,-0.047513,-0.99646,-0.063404,0.083431,-0.012196,-1.1997,16.844,0.46963,-46.814,0.39893,16.624,1.3941,-9.138
17.5,0.073919,0.032706,-0.058658,-1.0005,-0.063574,0.088232,-0.024157,-1.0854,14.14,0.49265,-46.862,-0.04024,17.047,-0.38933,-9.4732,0.09387,0.063612,-0.049441,-1.005,-0.060497,0.091146,-0.01597,-1.7214,13.798,1.0437,-46.836,0.39567,15.936,1.8885,-10.741
17.6,0.094573,-0.0011611,-0.058925,-0.99335,-0.061225,0.094609,-0.029584,-0.11784,13.186,0.36445,-47.837,1.3873,17.683,1.5966,-8.9472,0.081079,0.054208,-0.049545,-0.98091,-0.055104,0.091258,-0.017155,-0.045642,14.271,-0.52948,-47.116,-0.33164,15.449,1.8745,-8.7894
17.7,0.089894,0.020338,-0.053357,-0.97449,-0.064941,0.084438,-0.016269,-1.2134,12.723,0.54576,-46.454,0.26091,15.655,1.9454,-8.301,0.091584,0.050971,-0.070642,-1.0108,-0.057453,0.084605,-0.02506,-2.2487,14.175,0.86809,-45.674,-0.1974,17.155,0.094084,-7.0742
17.8,0.097717,0.024096,-0.050641,-0.9774,-0.047012,0.10102,-0.025978,-1.3011,12.283,-0.51823,-45.769,2.0225,18.925,1.6869,-7.877,0.11082,0.050847,-0.047607,-0.9876,-0.048898,0.092626,-0.022549,-1.0934,13.969,1.5226,-46.652,-1.1816,15.956,1.0778,-5.886
17.9,0.1076,0.036237,-0.050187,-1.0019,-0.058743,0.079817,-0.030556,-0.15535,12.174,-0.18606,-46.242,0.79455,16.464,0.74697,-8.3261,0.10163,0.036449,-0.045502,-0.97791,-0.053198,0.083484,-0.028593,0.61289,13.79,1.277,-46.191,0.37835,16.564,-0.14607,-8.447
18,0.086387,0.011692,-0.049059,-1.0011,-0.051452,0.087345,-0.023667,-0.77602,12.336,0.13731,-47.54,0.16973,17.585,1.5768,-6.9452,0.10596,0.03642,-0.046921,-0.99337,-0.052935,0.093183,-0.02534,0.82706,13.611,0.7938,-46.682,-0.57022,16.694,2.473,-8.4435
18.1,0.10249,0.015034,-0.066964,-0.98843,-0.051011,0.084992,-0.031158,-2.7806,10.945,-0.47032,-45.781,1.4025,17.993,2.0869,-7.8664,0.098207,0.037659,-0.018686,-1.0014,-0.045873,0.081663,-0.023983,-0.74432,9.5464,0.75881,-43.361,0.57729,17.374,1.4372,-7.1916
18.2,0.10448,0.016752,-0.045211,-0.9808,-0.046648,0.085265,-0.032114,-2.2279,12.608,1.2585,-44.947,0.74699,17.968,0.8148,-7.32,0.094923,0.027769,-0.044311,-0.9976,-0.048411,0.090778,-0.03817,0.46257,11.53,0.12997,-43.48,-1.0785,17.414,-1.3358,-7.1019
18.3,0.096191,-0.0019807,-0.05356,-0.99706,-0.051381,0.095785,-0.026658,0.15658,9.5176,0.88628,-43.146,-1.0811,18.449,0.81563,-7.7182,0.10886,0.026411,-0.026918,-0.99443,-0.038236,0.079871,-0.024622,-2.5821,12.562,2.2733,-43.829,0.80227,17.554,1.0194,-6.9016
18.4,0.10946,-0.0082489,-0.044915,-0.9986,-0.049096,0.073246,-0.029627,-0.3456,10.865,-0.27055,-44.928,-1.1421,19.611,2.27,-7.0042,0.081326,0.030638,-0.036051,-0.98522,-0.036822,0.084263,-0.031788,-1.2842,10.894,1.8837,-44.646,-0.10184,16.596,-0.96324,-8.2636
18.5,0.10344,-0.024489,-0.043558,-0.97854,-0.044518,0.088736,-0.031119,-0.88989,10.465,0.87309,-45.086,0.00726,18.217,0.50189,-4.5722,0.099002,0.014152,-0.022905,-0.99366,-0.03811,0.077408,-0.035528,-1.3108,10.564,1.7349,-42.042,-0.80273,18.57,1.0925,-7.7374
18.6,0.11814,-0.024517,-0.026329,-0.97876,-0.045853,0.079205,-0.030153,-3.1824,10.8,-0.19498,-41.9,-0.50318,17.505,2.5746,-5.1141,0.11878,0.017979,-0.040576,-1.0027,-0.031233,0.07398,-0.031943,-0.29668,7.5094,-0.22019,-41.983,0.79874,17.179,2.118,-6.6297
18.7,0.11954,0.0018393,-0.041602,-0.98876,-0.031969,0.07719,-0.030175,-2.5755,7.692,1.6627,-41.806,0.44653,17.155,0.22005,-4.9915,0.11403,0.018476,-0.026429,-0.98378,-0.042717,0.075672,-0.031102,-1.6772,8.3773,0.91739,-43.713,-0.69927,17.668,0.91533,-6.3229
18.8,0.12384,-0.025202,-0.020668,-0.98292,-0.03796,0.081818,-0.031976,-0.069021,6.2673,1.7736,-43.686,-0.91429,19.722,1.7683,-5.527,0.099877,0.0089273,-0.030575,-0.99422,-0.035945,0.070515,-0.031,-0.36219,9.9552,0.19119,-41.788,1.2156,18.439,0.25494,-5.8025
18.9,0.12651,-0.035247,-0.046645,-0.98196,-0.028398,0.07966,-0.039553,0.14729,6.4827,2.4629,-42.444,-0.80576,19.402,0.89126,-4.9914,0.11601,-0.0058849,-0.027197,-0.99879,-0.035684,0.078366,-0.034126,-1.0034,7.6637,0.59231,-41.88,0.13516,18.323,1.7658,-7.1853
19,0.13094,-0.010341,-0.021592,-0.99914,-0.020518,0.088336,-0.032573,-2.0031,7.1225,0.72041,-43.218,-0.10876,16.886,3.1246,-5.3728,0.11378,0.0086204,-0.019985,-0.98318,-0.03412,0.077052,-0.035566,-2.3699,8.3242,-0.25573,-41.093,-0.092991,17.429,0.86195,-3.1462
19.1,0.10419,-0.040896,-0.0077861,-1.0031,-0.035255,0.076076,-0.044309,-1.7699,8.7729,2.362,-41.394,0.8325,18.184,0.92824,-3.6389,0.12983,0.00068508,-0.040721,-0.98251,-0.024305,0.072666,-0.033008,-1.025,7.6539,1.6561,-42.755,1.5101,16.967,0.79455,-3.965
19.2,0.12851,-0.044018,-0.023709,-0.9888,-0.030471,0.074075,-0.032719,-2.1592,6.4854,0.87918,-40.962,1.2241,15.704,-0.13521,-4.8034,0.11564,-0.0026304,-0.011298,-0.99534,-0.034708,0.077867,-0.030317,-1.7038,9.119,2.8255,-41.727,-0.79688,19.109,1.4379,-5.5807
19.3,0.12288,-0.02848,-0.048048,-0.98062,-0.015522,0.074336,-0.028278,-0.68659,7.3021,0.03963,-43.546,1.632,19.682,-1.0386,-3.9057,0.11706,-0.0085427,-0.010475,-0.98783,-0.029393,0.080911,-0.039159,-1.283,4.8198,1.9086,-40.61,-0.68842,15.195,1.8695,-3.4091
19.4,0.14373,-0.033686,-0.032591,-1.0023,-0.02606,0.07901,-0.034415,-2.0227,5.3672,1.3497,-41.87,0.42324,16.971,-0.9061,-3.6552,0.12788,-0.014121,-0.018564,-1.0049,-0.026021,0.071936,-0.03101,-0.58315,5.7745,2.5801,-40.983,-0.5738,16.878,0.60729,-2.8493
19.5,0.12292,-0.042798,0.0045476,-0.99392,-0.019633,0.088697,-0.036352,-0.68183,4.0719,-0.0035032,-42.494,1.8806,18.478,-0.2857,-4.4308,0.1339,-0.010191,-0.019467,-0.99342,-0.015055,0.076169,-0.023209,-1.0953,6.5892,0.85552,-41.001,-0.99091,16.87,0.52375,-3.1799
19.6,0.14148,-0.042363,-0.039526,-1.0034,-0.015135,0.079696,-0.038684,-1.7611,4.5718,-0.65882,-41.179,-1.6077,17.406,0.083168,-3.4694,0.13503,-0.01132,0.017082,-0.97035,-0.017789,0.074259,-0.036082,-1.0576,5.246,0.35884,-39.549,-0.034027,17.121,-0.8445,-3.2609
19.7,0.13169,-0.048287,-0.021581,-0.99776,-0.014692,0.082887,-0.021232,-1.6987,4.5491,-0.010278,-40.013,-0.49768,16.833,0.45438,-3.56,0.13675,-0.039463,-0.0031041,-0.99316,-0.01759,0.083999,-0.022037,-0.97299,4.8065,1.387,-40.902,0.25226,15.666,1.6061,-3.1017
19.8,0.13609,-0.061342,-0.012823,-0.98648,-0.016452,0.06665,-0.03495,-0.95008,3.5452,2.4553,-39.514,0.11577,16.28,1.3833,-3.0878,0.13883,-0.020944,-0.0048461,-0.9916,-0.01404,0.06499,-0.033201,-2.875,3.9092,1.0991,-37.423,-1.091,16.027,1.862,-4.4629
19.9,0.13482,-0.0709,-0.017429,-0.99467,-0.028467,0.071347,-0.024078,-1.505,4.3052,1.4652,-40.751,-0.53076,16.994,-2.2169,-6.0104,0.11977,-0.037348,-0.0058222,-0.98187,-0.022539,0.069762,-0.026877,-1.9655,3.5257,0.0082939,-36.964,-0.57542,14.729,2.1547,-3.5441
20,0.13229,-0.070322,-0.0093656,-0.98524,-0.0053702,0.067539,-0.024434,-1.2497,3.5095,1.5064,-40.509,-0.47186,17.551,0.69311,-3.1162,0.13696,-0.032694,0.013051,-0.99846,-0.0085587,0.064736,-0.025388,-0.75597,2.5309,0.66925,-37.787,-1.6041,14.947,0.54102,-4.1531
20.1,0.14121,-0.060851,-0.022674,-0.97838,-0.017489,0.069829,-0.031316,-1.4869,2.3296,0.89555,-40.724,0.68779,17.232,-0.40855,-3.1488,0.12229,-0.037723,0.0091366,-0.99326,-0.0087087,0.073574,-0.027428,-0.69268,3.239,-0.88233,-37.156,-1.1096,13.877,1.1195,-4.0336
20.2,0.12442,-0.072068,0.0022001,-0.99646,-0.013216,0.07295,-0.031489,-1.5192,3.9241,0.52982,-40.431,-1.0069,15.416,-1.3929,-4.501,0.11645,-0.047152,0.0046374,-0.99656,-0.014055,0.065731,-0.018391,-1.8768,2.1212,1.1247,-36.664,-1.3688,13.573,0.79751,-2.097
20.3,0.15068,-0.065873,-0.0067403,-0.97102,-0.0073095,0.060127,-0.024111,-1.0753,2.3483,0.44406,-39.453,-1.7193,17.13,0.34799,-4.6283,0.12902,-0.049046,-0.0023794,-0.97953,-0.00058996,0.055838,-0.023438,-1.3792,4.1183,0.90201,-35.109,-2.2494,12.868,-0.90745,-3.028
20.4,0.14561,-0.064656,0.0036377,-0.9876,-0.0088522,0.078494,-0.028581,-1.3491,3.0664,-0.29367,-37.337,-0.63351,17.155,0.047801,-4.0242,0.13608,-0.049888,0.0059748,-0.98504,-0.011231,0.060892,-0.031281,-0.32434,2.0966,1.3032,-35.94,-1.4977,13.293,0.59973,-5.0789
20.5,0.12991,-0.083021,0.0039558,-0.99762,-0.0025441,0.065872,-0.022615,-2.5368,-0.34372,0.18196,-37.751,-1.5915,16.522,0.36817,-4.6766,0.14288,-0.043515,0.010285,-0.99512,0.0011513,0.069546,-0.01859,-1.3378,1.7889,1.6711,-36.378,0.22451,13.152,-0.6512,-3.0408
20.6,0.12854,-0.077647,-0.0023404,-0.96122,-0.0041211,0.065431,-0.026618,-0.86479,0.53098,0.70451,-36.833,-0.091808,15.343,-2.0191,-5.9239,0.12818,-0.047808,0.0076497,-0.9862,-0.0010814,0.060494,-0.022483,-2.6952,0.5638,2.0103,-34.061,-0.065263,11.868,0.85827,-2.2285
20.7,0.17327,-0.10118,0.015194,-0.98972,-0.0068078,0.061,-0.019357,-0.62045,-0.0062572,1.184,-37.435,-0.96947,15.32,0.16976,-4.1126,0.12947,-0.042547,0.027859,-1.0059,-0.0025338,0.058563,-0.019564,-2.1466,2.1927,0.60391,-36.668,-1.6037,11.221,-0.381,-2.8196
20.8,0.12574,-0.08144,-0.0015854,-1.0012,0.00031163,0.061028,-0.02758,-1.2757,1.2515,1.5222,-36.076,-0.41571,15.783,-0.6632,-5.6322,0.12721,-0.035766,0.027159,-0.97744,-0.0027704,0.059914,-0.010413,-0.72968,-1.4751,-0.63972,-34.976,-2.626,10.903,1.5676,-2.0074
20.9,0.14653,-0.095113,0.0060362,-0.99573,-0.0076049,0.058708,-0.020742,-1.7392,-1.1351,1.373,-36.193,-0.011808,14.483,-0.21129,-4.9287,0.14358,-0.072047,0.0031293,-0.99823,0.0054424,0.057352,-0.01569,-0.16883,-1.3778,0.47599,-33.663,-0.88371,9.8719,0.27817,-3.1777
21,0.12594,-0.087884,0.023184,-0.96653,0.0037539,0.059527,-0.021376,-0.17113,-1.4482,1.4253,-36.86,-0.20698,13.024,-1.8209,-6.9837,0.1447,-0.04764,0.0009882,-1.0041,0.0027072,0.047752,-0.0080158,-0.61553,0.7805,0.066344,-33.484,-0.37991,9.3155,-1.3046,-4.2561
21.1,0.1534,-0.079817,0.015494,-0.98325,-0.0033397,0.054048,-0.017653,-1.7129,0.2904,-1.8166,-37.267,-0.64188,14.806,-1.7288,-5.1498,0.14251,-0.063976,0.023556,-0.99431,0.00072272,0.056427,-0.026866,1.5972,-1.553,0.59044,-34.111,0.8078,9.5581,0.65281,-3.4302
21.2,0.14416,-0.10353,0.012308,-0.97931,-0.0059888,0.062156,-0.017057,0.15459,-1.8618,1.2904,-35.588,-0.019808,13.983,-2.4054,-6.491,0.13025,-0.080084,0.033202,-1.0082,0.0014429,0.048508,-0.023847,-3.1935,-1.3216,-0.23888,-33.025,0.27723,9.6971,-2.5911,-2.7247
21.3,0.1391,-0.11797,-0.0018626,-0.96829,-0.0025987,0.049315,-0.010644,-1.9542,-2.0032,1.4032,-36.971,1.4844,12.995,-0.3975,-7.5354,0.12317,-0.062787,0.025919,-0.99089,0.010706,0.055507,-0.019244,-1.4453,-0.99647,-0.62552,-34.392,-0.3949,8.9873,-1.5267,-3.2641
21.4,0.13348,-0.089065,0.014384,-0.97652,-0.000496,0.05673,-0.02192,-0.50556,-2.0439,1.227,-35.455,-0.51557,13.259,-0.90595,-8.3691,0.12554,-0.088949,0.0067531,-0.97933,0.0044253,0.050496,-0.007878,-2.1445,-4.142,0.91472,-32.205,-1.7355,8.4375,-1.2526,-3.939
21.5,0.13746,-0.11247,-0.0123,-0.97676,-0.0035681,0.051596,-0.0097442,-2.1309,-2.3477,1.5221,-35.699,-0.72099,11.203,-0.78475,-5.2322,0.14071,-0.079677,0.016675,-0.98411,0.005522,0.051177,-0.0036819,-0.3979,-2.2948,0.47195,-32.801,-1.2756,8.5859,1.0413,-5.116
21.6,0.13414,-0.14121,0.010952,-0.9769,-0.00074385,0.056652,-0.011594,-0.98022,-2.735,1.1348,-35.523,0.44645,12.153,-0.45529,-6.0242,0.13435,-0.067675,0.036561,-0.98715,0.0045502,0.044275,-0.0058232,-0.95019,-2.3865,0.0091709,-29.996,-1.446,8.862,0.17328,-6.2589
21.7,0.13858,-0.12181,0.026762,-0.97717,-0.0065073,0.054567,-0.013604,-1.5011,-3.945,0.48994,-34.706,-0.038086,12.585,-0.90799,-7.8126,0.12368,-0.059185,0.017433,-0.98337,0.012373,0.048232,-0.0079335,0.44648,-3.1313,1.0497,-32.194,-0.67164,9.0497,-0.81763,-5.6142
21.8,0.13449,-0.13263,0.014796,-0.98538,0.0074263,0.052444,-0.0078228,-0.16195,-4.6402,-0.24817,-34.238,-0.80514,11.383,-0.48264,-7.3454,0.11563,-0.062362,0.015068,-0.98502,0.0023525,0.046896,-0.007986,0.17385,-1.6179,1.5711,-29.719,-1.0082,8.8625,-1.4996,-3.0775
21.9,0.13894,-0.11853,0.014543,-0.99417,0.005059,0.051949,-0.015876,-2.2458,-5.2971,0.4038,-34.028,0.77961,10.487,-0.18598,-8.2325,0.14234,-0.096057,0.024584,-0.99909,0.0063366,0.041759,4.2019e-06,-1.2443,-3.8556,0.37589,-30.041,-0.39486,7.3407,-0.34363,-4.9769
22,0.13893,-0.11999,0.018738,-0.97804,0.007614,0.046673,-0.0029893,0.00029546,-3.9843,-0.17514,-34.334,-0.70114,10.486,0.20544,-10.413,0.12569,-0.082255,0.013627,-1.0063,0.015587,0.040144,-0.0036539,-1.215,-4.7451,2.351,-28.896,-1.1873,8.4793,-0.24415,-5.7388
22.1,0.15535,-0.12399,0.032218,-0.97725,0.0067756,0.052034,-0.0028188,-1.5697,-5.0494,0.0028927,-33.282,-0.60245,12.089,-3.2685,-7.9378,0.1127,-0.074732,0.032222,-0.98821,0.015384,0.042676,-0.0043358,0.3651,-5.4063,-0.84503,-31.784,-0.94116,6.1486,0.81604,-6.9399
22.2,0.14063,-0.12258,0.027534,-0.98606,-0.001126,0.043413,-0.0091289,-0.71896,-5.8126,0.34746,-33.185,-1.6054,9.8561,-1.7803,-8.588,0.13202,-0.10399,0.02402,-0.9903,0.00084357,0.036445,0.01348,-1.1478,-4.9935,1.3642,-29.67,0.56032,5.9969,-1.3562,-4.8406
22.3,0.16251,-0.11153,0.025372,-0.98095,0.011208,0.034924,-0.0024296,-1.3832,-7.0927,1.3145,-32.278,-2.1738,9.1755,-0.38294,-8.4137,0.13111,-0.076748,0.0074764,-0.97631,0.010112,0.033885,0.011481,-4.3626,-6.1123,2.1712,-27.457,-1.0185,5.3952,0.24718,-5.1459
22.4,0.14158,-0.12735,0.020945,-0.97469,0.010983,0.03169,-0.0078681,-3.1023,-7.6134,0.92482,-32.056,1.8465,8.0732,-2.5795,-8.7403,0.13203,-0.10204,0.030287,-0.98542,0.021489,0.036344,0.0018908,-0.13505,-5.7169,-0.62538,-28.227,-1.0723,5.6818,-0.87931,-6.9559
22.5,0.13522,-0.13304,0.0033238,-0.97887,0.01759,0.040695,-0.0070303,-0.9825,-6.604,1.0519,-30.323,-0.51434,8.088,0.16146,-9.0314,0.13527,-0.092893,0.04267,-1.0041,0.015315,0.034081,0.0036838,-1.1446,-6.1844,1.2169,-26.747,-0.71993,3.3828,-0.89051,-5.9503
22.6,0.133,-0.13756,0.024391,-0.99349,0.006084,0.033504,-0.0002083,-0.77015,-7.496,2.46,-29.633,-0.94786,10.723,-1.2716,-10.016,0.13785,-0.08727,0.029291,-0.99003,0.014386,0.029423,0.00070645,-0.69467,-5.0698,0.89583,-25.72,-0.55014,5.997,-0.61818,-7.0025
22.7,0.13962,-0.1318,0.023945,-0.98141,0.015994,0.034475,0.0051202,-0.94102,-5.6946,2.3102,-30.755,-3.1004,8.362,-1.0542,-11.175,0.12358,-0.10936,0.016407,-0.97234,0.0093782,0.039118,0.012487,-1.0878,-7.8035,0.60078,-26.364,-0.67351,3.8334,-2.3438,-5.4296
22.8,0.1405,-0.13546,0.021491,-0.95201,0.023395,0.033804,0.0045122,-0.24271,-7.1354,2.1957,-30.989,-0.44729,8.4586,-0.12273,-9.0309,0.095367,-0.096517,0.025192,-0.98032,0.021705,0.024414,-0.002138,-0.73378,-7.1291,0.29358,-27.132,-0.88564,6.519,-0.15347,-6.4702
22.9,0.15193,-0.12912,0.034215,-0.9827,0.0061136,0.030848,0.006253,-1.3886,-7.3971,1.365,-30.917,0.43117,9.2685,0.16309,-11.243,0.12755,-0.095405,0.0067196,-0.98598,0.011285,0.027753,0.004942,-3.1454,-7.1471,0.33143,-26.25,-0.19174,4.4806,-1.2523,-8.4675
23,0.12737,-0.12417,0.013848,-0.96545,0.010319,0.02435,-0.00032478,-0.49794,-8.525,-0.70568,-28.405,-0.095455,8.0475,-0.53537,-11.014,0.11682,-0.088546,0.015327,-1.0021,0.016423,0.02188,0.017463,-2.9259,-6.4356,0.49689,-26.201,1.0602,2.4917,-0.56452,-7.7149
23.1,0.14393,-0.14812,0.01782,-0.97234,0.014585,0.024527,-0.00029229,-0.94879,-8.6178,0.3893,-31.105,0.5519,10.876,-0.73544,-12.113,0.12693,-0.099723,0.015979,-0.98391,0.0043991,0.024338,0.01275,-0.051719,-8.4153,2.6073,-25.338,-1.4146,3.5352,-1.4994,-7.0384
23.2,0.15078,-0.14355,0.013916,-1.0012,0.010068,0.02791,0.0014956,-0.97787,-9.3943,-0.91325,-29.906,0.2623,8.4173,-0.39334,-11.336,0.10716,-0.11273,0.021407,-0.97208,0.022976,0.014641,0.0141,-2.3782,-8.6506,3.2938,-25.669,-1.672,3.9764,-0.96019,-7.1015
23.3,0.12147,-0.13996,0.029531,-0.9804,0.012771,0.022815,0.014201,-0.75148,-9.9018,0.53347,-29.216,-0.95719,6.6816,-0.73934,-11.279,0.10661,-0.11592,0.031214,-0.99077,0.01956,0.024186,0.0026686,-0.3415,-10.063,0.61101,-24.451,0.21479,4.9681,1.6182,-8.785
23.4,0.13972,-0.14529,0.025598,-0.95131,0.016389,0.026597,0.015264,-0.96797,-9.7207,-0.20644,-28.359,-2.3618,6.7936,0.11465,-13.273,0.12858,-0.090355,0.038466,-0.97943,0.024136,0.01566,0.0041157,-2.12,-9.2848,0.85908,-24.997,-1.696,2.5793,-1.3178,-9.1328
23.5,0.13859,-0.15421,0.016087,-0.98535,0.020917,0.025347,0.019484,-1.8522,-10.89,0.51101,-29.78,-0.82081,7.6664,-1.4476,-10.293,0.11809,-0.099847,0.013406,-0.99243,0.025819,0.0082316,0.010609,-1.2147,-9.6935,-1.1967,-25.11,0.90636,2.6022,-2.3016,-8.3745
23.6,0.13116,-0.16022,0.022859,-0.97655,0.024611,0.015471,0.0053076,-0.48368,-10.833,-0.198,-27.911,0.64271,7.0342,1.3586,-12.191,0.12761,-0.11773,0.014352,-0.97566,0.020447,0.0090374,0.010625,-2.2106,-11.094,-0.49178,-22.297,0.18589,2.7142,-1.8988,-7.2268
23.7,0.13172,-0.13523,0.025998,-0.98186,0.021283,0.019746,0.026238,0.20262,-10.325,1.3042,-29.94,-0.055332,6.9182,-0.58851,-13.839,0.1227,-0.093205,0.025855,-0.98857,0.02696,0.010414,0.016066,-1.9147,-10.384,1.5777,-24.797,-1.9773,2.5464,-0.84887,-7.8295
23.8,0.12726,-0.14271,0.0077181,-0.97965,0.019391,0.015507,0.0055038,-1.6238,-13.193,-0.47682,-27.237,-0.54974,5.8799,-1.783,-13.551,0.10167,-0.096382,0.015103,-0.98429,0.028718,0.012539,0.0059805,0.314,-10.919,1.2964,-23.425,0.16118,3.1019,-1.5537,-9.7736
23.9,0.1152,-0.14934,-0.0026341,-0.98065,0.022118,0.024128,0.014185,-0.29894,-12.064,1.6024,-26.924,-0.37742,6.0878,-0.82687,-13.762,0.11165,-0.10785,0.0091528,-0.98641,0.032042,0.0076971,0.016899,-0.64934,-12.147,0.68095,-21.477,-0.2586,3.7125,-2.0609,-8.5083
24,0.13232,-0.15068,0.0056018,-0.97344,0.012315,0.022133,0.010795,-1.785,-12.023,0.40655,-25.978,1.0341,6.9601,-1.9466,-13.31,0.10466,-0.09796,0.029855,-0.9962,0.029823,0.0099172,0.016506,-0.056741,-12.634,1.349,-24.525,1.0741,3.1414,-1.5635,-8.2051
24.1,0.13346,-0.14609,0.043084,-0.99619,0.028159,0.017973,0.011521,-2.0635,-11.835,-0.074811,-26.984,-0.51745,4.6651,-1.5743,-15.943,0.097432,-0.11839,0.019295,-0.99807,0.035693,0.0088044,0.023639,-2.7589,-12.192,1.7142,-21.952,0.31265,1.65,-1.5081,-10.043
24.2,0.12,-0.1516,0.015004,-0.99283,0.030507,0.017895,0.016548,-1.4889,-11.887,-0.30341,-26.701,-2.0304,6.2758,-1.6774,-14.3,0.12638,-0.11415,0.035284,-0.99406,0.023356,0.0082922,0.017058,-2.2615,-11.156,1.0505,-21.073,-0.51224,2.7235,0.732,-11.587
24.3,0.11388,-0.14895,0.013794,-0.98477,0.025394,0.015554,0.018112,0.91381,-12.872,0.57595,-26.852,3.0457,6.4016,-0.53536,-16.732,0.11962,-0.10542,0.028196,-1.0054,0.037339,0.0032817,0.02068,-1.3678,-12.297,0.4896,-21.247,0.53436,2.2023,-1.1268,-11.283
24.4,0.11707,-0.15338,0.013663,-0.96922,0.017644,0.004999,0.013886,-1.5368,-13.433,-0.38601,-26.277,-0.039258,7.0131,0.21972,-16.913,0.12404,-0.11699,0.0033034,-0.99187,0.030726,0.0012812,0.01995,-0.60704,-12.859,3.2415,-19.846,0.41315,2.8628,-0.24285,-8.8848
24.5,0.11081,-0.152,0.020845,-0.98921,0.022164,0.0035825,0.02178,-1.4527,-13.192,-0.26254,-24.738,0.80939,5.498,-2.5033,-14.852,0.10228,-0.11562,0.020084,-0.9803,0.033944,0.0073264,0.021503,-0.27333,-13.534,0.65401,-20.95,0.10907,2.1668,-1.1639,-12.414
24.6,0.11452,-0.14799,0.015606,-0.98058,0.023718,-0.0038828,0.021136,-2.4857,-14.964,1.1345,-24.689,-0.22512,5.0991,-0.088935,-15.516,0.091014,-0.097558,0.01079,-0.99657,0.035349,-0.0027461,0.023041,-1.9496,-12.268,1.0813,-19.378,1.7929,2.6251,-2.0028,-11.314
24.7,0.1292,-0.14609,0.0079603,-0.99316,0.02143,0.0067995,0.024862,-1.3167,-14.814,1.064,-25.018,1.1226,7.484,-1.697,-17.926,0.10156,-0.11865,0.0074752,-0.97956,0.037833,0.0011445,0.022934,-1.5108,-14.129,0.94896,-18.648,1.8406,0.80177,-0.1572,-12.267
24.8,0.11671,-0.15423,0.0061276,-0.98395,0.025736,0.0065837,0.031634,-2.2124,-14.259,2.7902,-24.92,-0.55364,4.6086,-1.1576,-16.255,0.11123,-0.11208,0.0094656,-1.0142,0.03455,0.0014326,0.022602,0.34686,-14.616,1.3077,-18.412,1.4895,2.1744,-0.21122,-12.095
24.9,0.10743,-0.15576,0.00017793,-0.97283,0.021742,0.0086304,0.020202,-0.82765,-13.979,2.0127,-23.674,-1.3136,5.147,0.30681,-19.301,0.093303,-0.10022,0.01471,-0.99135,0.035167,-0.0098772,0.014589,-1.6067,-14.867,0.56948,-19.262,0.20013,0.21802,-1.4188,-11.759
25,0.10795,-0.1575,0.014837,-1.0066,0.030445,-0.0023451,0.025843,-0.14132,-15.013,0.52652,-24.77,-0.4418,5.7132,-0.55492,-17.868,0.084443,-0.10752,0.006555,-0.96857,0.04574,0.0017834,0.019691,-0.39973,-16.122,-1.3736,-16.068,0.82317,2.7398,0.8571,-13.253
25.1,0.11045,-0.13834,-0.0028082,-0.97481,0.023733,0.0080912,0.033829,-2.8881,-17.51,0.21841,-23.86,-0.5276,5.262,-1.9208,-19.292,0.08368,-0.096558,0.0049585,-0.99519,0.04563,-0.017172,0.02784,-1.2539,-15.75,-0.23032,-18.779,0.53983,3.9498,0.81469,-13.34
25.2,0.10159,-0.15657,0.0079479,-0.98862,0.020016,-0.0022838,0.021112,-1.8075,-15.902,1.5629,-21.914,0.37439,4.7529,-1.1522,-16.319,0.092219,-0.10617,0.0059643,-0.98537,0.044034,-0.022938,0.02902,-0.15916,-15.163,1.0054,-18.197,2.7902,2.4907,-0.38106,-11.963
25.3,0.098514,-0.15852,0.0044857,-0.97398,0.038378,0.0048244,0.019719,-0.40061,-17.243,-0.79001,-24.34,0.41073,7.3534,-1.8273,-19.603,0.075043,-0.10146,0.0097438,-1.0086,0.039166,-0.012477,0.023703,-0.37331,-17.141,1.3211,-18.131,-0.93047,2.7294,-0.32808,-11.865
25.4,0.0985,-0.15218,-0.00031147,-0.98361,0.032363,-0.004275,0.018962,-0.62285,-17.017,-0.41839,-21.721,-0.026982,6.4345,0.064617,-18.829,0.078549,-0.10874,0.0035523,-0.99002,0.043634,-0.024726,0.014945,-0.77091,-16.355,0.7271,-15.905,1.5074,3.1375,-1.4671,-12.717
25.5,0.11938,-0.1675,0.0019196,-0.98936,0.026475,-0.0037217,0.026484,-0.34601,-17.426,1.6242,-23.056,-0.69987,6.5992,-0.80704,-20.133,0.073919,-0.10145,0.0060416,-0.99469,0.041649,-0.017753,0.023843,-2.207,-18.777,-1.3014,-17.251,0.74601,2.3116,-2.7451,-13.663
25.6,0.11116,-0.1169,-0.011213,-0.99348,0.032182,-0.0053675,0.017974,-1.6854,-18.898,1.0679,-21.824,0.98816,6.0447,-0.16477,-18.007,0.093433,-0.11133,0.010665,-0.98516,0.038171,-0.022864,0.024109,-2.7185,-18.396,-0.20313,-17.788,1.9793,3.5253,-1.7782,-13.127
25.7,0.10282,-0.17029,0.018943,-0.98607,0.033884,-0.011255,0.033914,-0.33719,-19.051,1.4839,-20.406,0.47595,4.7161,1.9748,-20.987,0.078625,-0.10934,0.0094347,-0.99953,0.049418,-0.018906,0.028317,-3.5039,-19.881,0.21255,-16.116,0.92462,2.7879,-0.60031,-13.194
25.8,0.12042,-0.15775,0.0047946,-0.98224,0.036646,-0.010131,0.025741,-3.1143,-18.423,1.9324,-19.602,0.17921,4.8851,-0.59126,-18.326,0.071421,-0.11427,0.016824,-1.0077,0.049496,-0.0064114,0.024404,-2.3413,-17.421,0.11268,-16.994,0.97226,3.6052,-0.0073425,-13.115
25.9,0.08717,-0.16016,-0.00072359,-0.96356,0.032347,-0.014754,0.024267,-1.1205,-19.32,-0.19689,-20.074,-0.99176,6.8255,-0.63706,-19.265,0.072584,-0.10367,0.0084742,-1.0007,0.035931,-0.015045,0.026052,-2.4705,-17.158,-1.6265,-14.291,0.23255,3.2024,-0.41716,-14.364
26,0.092291,-0.14382,-0.017781,-0.99237,0.042032,-0.015182,0.031817,-0.48242,-19.001,0.037536,-20.413,1.215,7.2953,-2.0287,-21.806,0.056595,-0.12311,-0.008968,-0.98765,0.050661,-0.018224,0.032151,-0.81033,-19.491,1.2789,-14.517,0.14334,5.4048,0.092298,-14.719
26.1,0.088498,-0.1472,-0.021311,-0.97858,0.039997,-0.01319,0.035843,-2.1087,-19.541,1.1588,-20.656,-0.37512,7.1948,-0.33477,-23.179,0.067816,-0.10889,-0.01197,-0.97897,0.044814,-0.025018,0.01746,-2.3099,-19.158,1.1536,-15.448,-0.039886,3.8959,-1.1701,-15.218
26.2,0.082641,-0.16445,-0.0072421,-0.98662,0.036395,-0.017596,0.029496,-1.0851,-21.055,1.1244,-20.881,-2.1583,8.0452,-2.6054,-21.422,0.053168,-0.096336,0.0025858,-0.97928,0.04781,-0.024114,0.02754,-2.1181,-20.867,2.5873,-14.399,0.18866,6.3143,-1.0552,-15.146
26.3,0.086668,-0.14574,0.013436,-0.99758,0.037303,-0.029285,0.026754,-1.0865,-19.713,-0.53567,-20.138,1.5036,8.0179,-0.92215,-23.066,0.074275,-0.085147,0.011069,-0.99408,0.055244,-0.025067,0.03152,-2.2441,-20.732,0.93043,-14.132,0.47437,4.6108,0.7246,-14.871
26.4,0.091198,-0.14154,-0.0031472,-0.99335,0.043808,-0.021512,0.026991,-1.0628,-19.782,-0.35487,-20.121,0.75233,9.0367,-0.28876,-24.007,0.061904,-0.1042,0.0038627,-0.99989,0.05133,-0.02677,0.028179,-2.4036,-21.624,0.93351,-13.656,2.155,4.6527,-1.7056,-14.394
26.5,0.10259,-0.15357,-0.017596,-0.98015,0.050182,-0.026677,0.021595,-1.2527,-21.808,2.0943,-21.341,0.70765,8.4689,0.43224,-22.184,0.043302,-0.088033,-0.0041466,-0.99141,0.047609,-0.030993,0.025928,-1.1082,-20.131,-0.10926,-13.596,2.5241,4.1314,-1.7461,-15.562
26.6,0.076474,-0.14367,0.0066848,-0.98818,0.037501,-0.026891,0.026055,-0.41213,-21.619,1.7066,-19.7,0.42611,8.8136,-0.86614,-23.961,0.054254,-0.099735,-0.013738,-0.99567,0.042837,-0.031573,0.020325,-0.078628,-23.725,2.1546,-12.356,0.93096,5.248,-2.5356,-16.992
26.7,0.077416,-0.15726,-0.011583,-0.98302,0.042002,-0.027807,0.027902,-1.9504,-21.903,0.567,-19.253,1.2333,8.8681,-0.75394,-23.388,0.037767,-0.087222,0.0066738,-1.0082,0.047763,-0.033984,0.016798,-0.64534,-23.076,2.2681,-12.775,-0.31165,5.6103,-0.42468,-17.545
26.8,0.091874,-0.148,-0.0028692,-0.99703,0.035486,-0.021375,0.015533,-0.52519,-23.122,1.0499,-18.927,0.51662,8.6453,-1.4446,-24.358,0.042508,-0.083343,0.0072848,-0.98708,0.041756,-0.037358,0.025631,0.67273,-22.7,0.069465,-12.337,-0.28609,6.9298,-0.89413,-17.604
26.9,0.07993,-0.13564,-0.023137,-0.97469,0.040715,-0.028421,0.027697,0.23139,-23.527,-0.38441,-18.933,-0.98451,9.9772,-0.27989,-23.253,0.030868,-0.089429,0.0083878,-1.0001,0.045719,-0.042127,0.022241,0.12916,-20.473,0.37127,-12.045,1.194,7.1959,1.1227,-16.221
27,0.076543,-0.1572,-0.001764,-0.97398,0.056436,-0.031275,0.023417,-1.4233,-23.34,1.4397,-19.4,0.22552,9.1207,0.64241,-23.791,0.053548,-0.096774,-0.012186,-0.99135,0.045762,-0.039256,0.022295,-0.70752,-22.778,0.49183,-11.88,-0.88287,5.6185,-1.55,-16.731
27.1,0.06563,-0.15566,-0.019967,-0.99628,0.043842,-0.036689,0.024166,-1.5916,-24.917,1.8619,-15.883,2.3759,9.4423,-0.95627,-23.615,0.047625,-0.084629,-0.0064044,-1.0074,0.047584,-0.044286,0.026842,0.87059,-21.65,1.1285,-11.433,0.65719,5.8453,-1.9522,-19.16
27.2,0.081362,-0.16682,-0.017356,-0.98465,0.040301,-0.028663,0.023728,-0.83541,-24.458,-0.35417,-16.41,3.2782,9.5081,-1.6615,-22.618,0.031742,-0.10038,0.0037759,-1.0046,0.043739,-0.026436,0.024819,-0.25922,-21.643,0.17365,-11.328,-0.45477,6.9032,-1.717,-18.726
27.3,0.072703,-0.14597,-0.013796,-0.97806,0.048234,-0.026845,0.027386,-0.94368,-25.59,1.0707,-16.963,-0.71914,9.9769,-2.1232,-25.126,0.028491,-0.07442,0.00067459,-0.99757,0.048035,-0.04975,0.025883,-0.79702,-21.121,0.80315,-12.04,0.43596,8.0316,-0.58866,-17.838
27.4,0.061813,-0.13473,-0.011878,-0.98725,0.045712,-0.033845,0.025091,-1.5416,-25.434,-0.46672,-17.704,-0.77903,9.4279,-2.7739,-24.795,0.035952,-0.077747,-0.021439,-0.98184,0.037271,-0.042861,0.0235,1.3357,-20.698,0.88476,-9.6487,-0.48274,5.9747,-0.85139,-19.746
27.5,0.072817,-0.11804,0.00041998,-0.965,0.047083,-0.041713,0.025157,-1.418,-24.256,1.2215,-17.118,0.28589,11.24,-0.069477,-26.863,0.046715,-0.050593,0.008231,-0.99053,0.047193,-0.050757,0.022891,-0.16496,-21.599,0.78333,-9.585,0.18939,8.3343,-1.8282,-19.179
27.6,0.070733,-0.13715,-0.024704,-0.98994,0.058842,-0.039314,0.036851,0.90341,-25.842,1.1602,-15.447,0.69959,11.392,-1.6177,-26.118,0.033496,-0.076908,-0.0054743,-1.0013,0.041017,-0.039437,0.021803,1.8626,-19.98,0.2237,-9.0565,1.2695,8.5026,-0.0042527,-19.372
27.7,0.041461,-0.13531,-0.0047639,-0.99875,0.043609,-0.041133,0.027562,-0.69929,-24.704,1.7094,-15.631,0.20526,11.013,-1.8735,-26.828,0.023059,-0.095745,-0.0161,-1.0069,0.042098,-0.041008,0.02091,1.0899,-19.932,1.0849,-7.697,1.7339,7.7978,0.33334,-17.609
27.8,0.04349,-0.13468,-0.011907,-0.99633,0.046598,-0.045903,0.024633,-1.9797,-23.87,2.5586,-12.218,-0.065669,10.956,-2.665,-26.265,0.0038784,-0.055409,-0.014363,-1.0158,0.052358,-0.043237,0.022045,-0.091845,-19.073,0.71942,-8.6615,2.0643,9.014,-0.49448,-19.197
27.9,0.074536,-0.14442,-0.018706,-0.98279,0.044642,-0.051439,0.023899,0.90153,-27.455,0.52459,-16.479,-0.91537,11.069,-0.34352,-25.908,0.035748,-0.075871,-0.030472,-0.99075,0.038657,-0.04714,0.016271,-1.3823,-20.792,0.12177,-8.7488,3.4981,8.3152,-0.72587,-18.475
28,0.040734,-0.121,-0.026887,-0.9942,0.048247,-0.033544,0.030619,-0.87022,-26.123,0.2831,-14.431,1.3587,9.977,-0.31513,-26.848,0.017459,-0.064,-0.015495,-0.9988,0.044644,-0.044315,0.016848,-0.3335,-20.572,2.8359,-9.0807,-1.7627,8.2308,0.45913,-17.705
28.1,0.035138,-0.13031,-0.020949,-0.99528,0.056344,-0.039201,0.032735,-0.17134,-25.647,1.9651,-14.896,-0.46432,10.779,-0.16948,-26.04,0.014896,-0.064685,-0.029935,-0.98637,0.037949,-0.045255,0.015482,0.68348,-17.996,0.022835,-7.979,0.16939,9.3395,0.28875,-17.592
28.2,0.045724,-0.12482,-0.029468,-0.99625,0.050469,-0.053878,0.021172,-0.733,-25.672,0.63287,-13.052,2.0842,12.294,0.063043,-26.946,0.010961,-0.048946,-0.025533,-1.0011,0.037837,-0.059671,0.015086,0.18531,-20.647,1.8428,-8.1625,-0.61063,9.2263,-1.3528,-20.03
28.3,0.032899,-0.13705,-0.024663,-0.98128,0.055455,-0.045294,0.024892,-0.56498,-26.76,-1.0822,-13.539,1.0264,14.301,-0.28612,-27.874,0.0071961,-0.07734,-0.023736,-0.9949,0.040813,-0.05444,0.010218,2.2047,-18.353,-0.41303,-6.5597,0.0092835,9.9692,1.3935,-16.758
28.4,0.04939,-0.12078,-0.031546,-1.0012,0.044125,-0.046841,0.026942,-0.79887,-23.988,0.65516,-14.251,1.7719,12.368,-0.77213,-28.769,0.0065209,-0.059723,-0.023947,-0.99313,0.041547,-0.052735,0.0093571,1.038,-20.139,0.2085,-8.0386,1.5757,8.1227,0.53354,-18.811
28.5,0.036145,-0.10847,-0.037482,-0.97995,0.050238,-0.050222,0.021937,-1.3597,-28.323,0.42515,-12.487,2.8694,12.44,-0.39917,-27.917,0.0078575,-0.041709,-0.019243,-0.99942,0.042866,-0.046372,0.012031,0.95284,-16.973,0.44,-6.6352,0.92928,9.7983,0.67385,-17.564
28.6,0.025087,-0.11972,-0.039359,-0.98143,0.04064,-0.049524,0.020208,0.078167,-26.605,2.0354,-13.797,1.8308,13.375,0.30697,-27.361,0.017232,-0.051948,-0.013405,-0.99321,0.041321,-0.044158,0.014181,1.614,-17.125,-0.17009,-6.8195,0.34771,9.6263,-0.99605,-18.447
28.7,0.040767,-0.10483,-0.034639,-0.98592,0.039858,-0.052873,0.025445,0.49244,-24.673,1.2541,-10.588,0.11565,14.984,1.3906,-27.704,0.0013766,-0.037363,-0.014758,-1.0006,0.02401,-0.042567,0.0092938,1.2401,-17.287,-0.94199,-6.8121,2.6045,11.298,1.6524,-13.367
28.8,0.027353,-0.11534,-0.034711,-1.0022,0.044528,-0.063384,0.021986,-0.14162,-24.315,1.4252,-12.096,-0.10087,16.192,-1.0521,-29.329,0.010397,-0.056812,-0.015316,-1.0052,0.040995,-0.054466,0.0078225,1.6034,-18.282,-1.3287,-5.7391,0.63377,12.298,0.99725,-18.46
28.9,0.022575,-0.11682,-0.034167,-0.99453,0.042534,-0.055337,0.022521,0.41944,-24.708,0.73789,-11.072,0.74421,13.686,0.086599,-28.093,-0.01061,-0.047214,-0.030038,-0.9962,0.041405,-0.038603,0.010836,2.3163,-16.444,-0.17398,-6.4794,-0.3711,9.811,1.3446,-14.742
29,0.022062,-0.095811,-0.025998,-0.9886,0.040357,-0.062313,0.026845,-0.36548,-24.539,-0.20016,-12.05,0.86227,13.157,-2.1784,-28.521,0.0045346,-0.037799,-0.050735,-0.99078,0.035359,-0.045963,0.010016,0.011756,-16.475,-0.17342,-6.4318,0.17069,11.328,-0.54388,-16.546
29.1,0.014699,-0.11715,-0.043984,-1.001,0.043949,-0.057111,0.022899,-0.16875,-25.304,0.043942,-10.597,0.2569,15.502,-1.1952,-29.152,0.024737,-0.025091,-0.02671,-0.99832,0.02905,-0.046891,0.012559,0.88194,-16.774,-0.55551,-7.2558,1.536,11.364,1.1209,-16.477
29.2,0.023814,-0.11846,-0.054649,-1.006,0.045416,-0.068658,0.020248,0.20696,-26.365,1.1266,-10.012,0.69782,15.385,0.4961,-27.76,-0.0013545,-0.041702,-0.021186,-1.0086,0.032486,-0.040377,0.0028344,0.34984,-13.961,-1.2647,-6.7851,0.10634,11.565,2.2328,-15.596
29.3,-0.0042667,-0.095167,-0.028683,-0.99899,0.041979,-0.053012,0.023628,1.6415,-23.503,1.3559,-11.118,0.39575,13.789,0.8408,-28.973,0.0079366,-0.038432,-0.022732,-0.98866,0.036738,-0.046773,0.0088638,2.956,-13.932,-1.1707,-9.766,1.6423,12.086,2.6039,-16.092
29.4,0.0090385,-0.095631,-0.038282,-0.99916,0.032999,-0.049876,0.029009,0.51374,-24.989,1.3457,-8.9542,2.1407,14.365,-1.5629,-28.226,-0.015187,-0.045402,-0.023268,-1.0188,0.040994,-0.034459,-0.0038029,1.7547,-14.883,-0.86142,-7.1938,1.5647,12.836,1.6051,-14.01
29.5,0.027705,-0.088635,-0.035299,-1.0069,0.039552,-0.061504,0.011093,0.51319,-24.27,0.15904,-8.6225,0.5212,14.611,-0.54723,-26.919,-0.019019,-0.039211,-0.022335,-0.99585,0.035921,-0.041625,0.0010432,1.4454,-14.679,-0.26057,-9.1896,1.9808,10.791,0.76732,-14.497
29.6,0.015611,-0.073276,-0.031655,-0.9917,0.035904,-0.060784,0.026458,-0.34352,-22.268,-0.4335,-7.4442,0.69349,15.491,1.002,-27.743,0.00083825,-0.012843,-0.030406,-0.98133,0.011889,-0.045555,-0.0015438,0.57617,-12.778,-1.2721,-9.6715,-0.74763,13.227,1.3186,-12.464
29.7,-0.003455,-0.088489,-0.044118,-0.98796,0.039966,-0.058623,0.016979,0.03882,-23.277,0.031089,-8.8945,1.5845,16.825,0.23036,-28.335,-0.020655,-0.039506,-0.030411,-0.98949,0.036802,-0.041405,0.0011596,1.9591,-15.131,-0.48721,-10.396,-0.4717,13.475,0.8568,-13.592
29.8,0.0033773,-0.072261,-0.0386,-0.98023,0.03036,-0.064126,0.013064,0.33855,-23.223,-0.86364,-10.683,-1.9327,15.452,0.17409,-25.294,-0.026474,-0.034726,-0.017254,-0.99307,0.033582,-0.037459,-0.0012225,1.6465,-12.826,-0.65865,-11.161,0.60344,12.214,-0.32501,-13.058
29.9,-0.018078,-0.063111,-0.033235,-1.0013,0.035019,-0.068401,0.020681,1.8855,-22.511,1.0055,-7.7101,1.3744,16.481,-0.59125,-26.179,0.0020367,-0.023217,-0.021966,-1.0016,0.022583,-0.041065,-0.00786,-1.0419,-13.149,-1.2867,-11.306,0.58367,14.291,-0.18276,-11.152
30,0.0025722,-0.058509,-0.037132,-0.98305,0.035038,-0.064082,0.023219,0.39197,-21.64,1.6223,-7.2931,1.6963,17.188,0.39619,-25.694,-0.0092984,-0.015945,-0.025059,-0.9718,0.023872,-0.032866,-0.0045105,1.2556,-13.448,-1.6962,-10.786,2.0004,15.18,-0.49984,-13.997
30.1,-0.020189,-0.077869,-0.032757,-0.99345,0.025712,-0.059869,0.02277,0.22702,-24.043,0.58623,-6.5454,-0.17905,17.748,0.69434,-25.09,0.0016267,-0.030562,-0.023271,-0.99228,0.029964,-0.035006,-0.0020605,-0.35209,-11.737,-0.26341,-10.878,-0.4714,15.219,-0.18372,-13.879
30.2,0.0097288,-0.061204,-0.047053,-1.0029,0.025402,-0.071407,0.0053195,1.608,-21.452,0.95692,-6.4161,1.1695,18.031,0.57141,-24.236,-0.028767,-0.013648,-0.041545,-0.98944,0.017795,-0.030597,-0.0023458,2.3667,-12.903,-1.1637,-12.057,-0.63779,16.343,0.49208,-13.067
30.3,0.0016617,-0.06766,-0.054351,-1.0031,0.032591,-0.054472,0.019906,0.88261,-18.143,0.5419,-7.1212,1.9584,17.311,1.039,-26.088,-0.038902,-0.012265,-0.030531,-0.99338,0.021006,-0.032018,-0.0048665,1.6468,-13.425,0.56863,-11.437,-0.029061,16.289,-0.35844,-14.113
30.4,-0.0018433,-0.08518,-0.052749,-0.99467,0.036946,-0.067546,0.0086202,0.79714,-19.072,-0.19634,-7.4226,-0.62473,17.381,0.22652,-25.676,-0.018298,-0.010147,-0.028909,-0.99771,0.026762,-0.028577,-0.0074672,-0.62052,-12.719,-2.2578,-11.748,0.65228,14.374,1.2364,-12.721
30.5,-0.0090734,-0.054503,-0.047181,-0.99912,0.025688,-0.06922,0.017044,-0.39328,-19.244,-1.0379,-5.8311,2.1841,18.433,1.3349,-25.965,-0.043942,-0.0092121,-0.026494,-1.0033,0.017392,-0.030384,-0.0064042,0.93979,-11.122,-1.9623,-12.856,1.9314,16.352,-1.2077,-15.501
30.6,-0.017579,-0.057516,-0.042291,-0.98676,0.021867,-0.056846,0.0073554,0.60711,-17.74,2.1327,-6.8729,-0.034466,19.171,1.1882,-23.174,-0.021317,-0.013382,-0.032624,-1.0192,0.031144,-0.025319,0.00058423,2.3789,-10.851,0.26979,-12.711,0.76576,15.585,-1.4529,-14.649
30.7,-0.0030665,-0.054895,-0.029853,-1.0027,0.029612,-0.060352,0.01661,1.7644,-20.472,-1.4356,-7.555,0.24013,18.717,1.5803,-23.722,-0.035521,0.0062569,-0.024799,-1.0068,0.019648,-0.018773,-0.0050135,0.63449,-10.573,0.34204,-14.203,0.19538,16.263,-0.59336,-13.952
30.8,-0.0047824,-0.048578,-0.030907,-1.0063,0.025802,-0.062759,0.0023136,0.55025,-19.35,0.082782,-6.8469,-0.44309,18.317,1.4586,-25.133,-0.032807,-0.023154,-0.0031755,-1.006,0.018967,-0.026066,-0.0010847,1.4057,-9.6904,-1.4149,-13.027,1.1747,16.206,-1.8959,-13.977
30.9,-0.0094206,-0.046432,-0.041022,-1.0063,0.023998,-0.056641,0.0075127,1.8173,-18.818,-1.1378,-6.7384,0.86543,19.529,2.1842,-22.519,-0.038376,-0.0085502,-0.017422,-0.9972,0.018116,-0.024748,-0.018786,0.86831,-9.8695,-3.4348,-12.082,0.91559,16.456,-0.24051,-13.858
31,-0.014083,-0.072986,-0.037107,-1.0038,0.031972,-0.068208,0.0092023,-1.8285,-18.759,0.91695,-6.8641,1.0311,19.943,0.41227,-25.691,-0.029487,-0.0012753,-0.039426,-0.99108,0.01488,-0.031711,-0.0077116,-0.56427,-9.6676,-1.1377,-14.632,-0.10536,15.557,-0.1398,-14.399
31.1,-0.016865,-0.047636,-0.03178,-0.98314,0.018314,-0.055355,-0.001671,0.050922,-19.009,-1.6421,-9.479,0.36203,21.557,1.1576,-23.387,-0.029446,0.00041163,-0.0083055,-0.99319,0.014768,-0.026372,-0.013497,0.017697,-11.771,-0.95705,-14.885,1.941,17.313,0.47308,-11.833
31.2,-0.038694,-0.047503,-0.028504,-1.0019,0.022194,-0.057397,-0.0016207,2.4064,-18.663,-1.4809,-7.2618,-0.80586,21.04,1.8435,-22.953,-0.026021,-0.013605,-0.005136,-1,0.012004,-0.029188,-0.012393,0.33599,-7.9885,-0.026948,-14.279,1.7385,18.239,-0.84022,-13.918
31.3,-0.015829,-0.034044,-0.034504,-0.99008,0.029831,-0.054691,-0.00013385,0.33959,-18.589,-0.24958,-9.962,0.47396,21.326,-0.4247,-22.033,-0.030446,-0.015669,-0.031567,-0.98602,0.0074895,-0.026579,-0.0095216,-0.3954,-7.9452,-2.0763,-14.044,-0.12609,16.246,-0.97949,-14.008
31.4,-0.023908,-0.031187,-0.05018,-1.0034,0.024392,-0.042034,-0.0088257,1.1061,-17.249,-2.5304,-11.922,1.2422,19.565,-0.38966,-22.124,-0.019658,0.020212,-0.012285,-1.006,0.014747,-0.033471,-0.0066783,-0.61154,-9.1861,-1.5376,-14.748,2.6362,16.678,-0.53381,-13.814
31.5,-0.017111,-0.050961,-0.052762,-0.99913,0.027499,-0.053354,-0.0054147,0.53355,-17.211,-0.17746,-10.074,1.0487,20.356,0.69363,-22.214,-0.058411,0.00027299,-0.017833,-0.99975,0.011428,-0.033658,-0.0079554,1.7149,-7.8444,-1.4177,-18.396,0.64294,19.178,-0.22139,-14.875
31.6,-0.021832,-0.021318,-0.041054,-0.99374,0.024042,-0.05479,-0.0059052,0.41807,-15.971,-1.8915,-10.274,1.8702,21.71,1.4317,-21.315,-0.028961,0.0055928,-0.0146,-0.9996,0.0049221,-0.023888,-0.017314,1.4358,-6.9396,0.60958,-16.452,0.31161,18.763,0.54642,-15.005
31.7,-0.037042,-0.015034,-0.042309,-0.99951,0.033669,-0.051934,-0.0073729,1.859,-15.56,-2.0693,-9.8766,-0.79256,21.755,0.43394,-22.942,-0.03844,0.0045595,-0.014207,-0.99313,0.0040196,-0.015017,-0.011629,2.75,-7.0037,-1.0576,-17.516,-1.2751,18.337,-1.7389,-14.91
31.8,-0.038891,-0.035938,-0.041225,-0.99331,0.027431,-0.045905,-0.014929,0.10457,-14.778,-0.42307,-12.339,0.28185,19.918,-0.065836,-21.202,-0.021582,0.010494,-0.0092823,-0.98261,0.0063488,-0.014247,-0.016497,-0.056406,-7.4003,-1.5962,-17.771,-0.91881,17.305,-0.35675,-14.082
31.9,-0.019689,-0.0085193,-0.046878,-0.98401,0.024987,-0.040461,-0.0040493,-0.58347,-14.032,-1.4419,-12.441,0.18652,21.623,0.041811,-18.495,-0.039565,-0.005518,-0.0094202,-1.0008,0.0014823,-0.02986,-0.01912,0.63361,-6.922,-1.6934,-17.334,-0.18245,18.596,-0.4821,-15.747
32,-0.028835,-0.026457,-0.042573,-1.0184,0.018426,-0.048737,-0.0024619,-1.4605,-13.859,0.3995,-11.69,-0.16347,22.206,1.8892,-20.491,-0.045167,0.0030746,-0.011818,-0.99111,0.0008997,-0.019257,-0.0073347,1.4488,-6.0038,-2.2939,-19.982,1.2584,20.454,-0.28602,-14.864
32.1,-0.029606,-0.017686,-0.048396,-0.99416,0.019507,-0.047006,-0.00018649,-0.60916,-15.706,-2.4021,-14.551,0.19769,21.055,1.8366,-22.116,-0.028091,0.0040674,-0.021577,-0.9984,0.0035326,-0.01224,-0.01524,0.61699,-7.2542,-0.60456,-17.92,1.5446,18.466,-0.13163,-15.989
32.2,-0.04648,-0.0077689,-0.0225,-1.0106,0.025837,-0.039605,-0.013469,-0.5763,-14.223,-1.6481,-14.133,0.63418,20.889,-1.0967,-20.463,-0.040817,0.010541,-0.016347,-0.99969,0.004953,-0.0084249,-0.021569,1.815,-4.5802,0.39004,-18.384,2.038,17.524,-0.27035,-14.686
32.3,-0.037689,-0.018066,-0.040031,-0.99072,0.01792,-0.045412,-0.015916,2.094,-15.007,-1.4405,-13.679,0.94618,21.441,-0.13127,-19.588,-0.02993,0.0046733,-0.021095,-0.9696,0.0037459,-0.018041,-0.0047023,-2.8163,-5.6846,-2.3837,-19.084,-1.4238,19.346,-2.678,-15.19
32.4,-0.048058,-0.032593,-0.034668,-1.0062,0.023905,-0.040516,-0.0036222,1.7645,-13.774,-0.71443,-14.385,0.57387,24.5,0.60015,-19.376,-0.047396,0.0065106,-0.027294,-0.98876,0.0080257,-0.011085,-0.0093397,0.06412,-6.5086,-2.1648,-20.173,1.6418,18.963,0.53832,-16.694
32.5,-0.026578,-0.014659,-0.048881,-0.98214,0.02173,-0.043002,-0.010667,-1.7586,-13.789,-1.5959,-13.064,1.6091,21.106,2.1894,-19.159,-0.039589,0.0086575,-0.0011827,-0.98912,0.003004,-0.023714,-0.0023003,1.3094,-4.2498,-2.1737,-18.487,-0.1084,18.347,0.7335,-15.249
32.6,-0.042019,-0.026323,-0.053414,-0.99688,0.019205,-0.036695,-0.014593,1.4432,-14.156,-2.6365,-15.048,-0.75164,22.229,0.98203,-21.146,-0.025714,0.0079444,-0.014534,-0.99128,-0.0023426,-0.014637,-0.0051144,0.47288,-4.316,-2.7003,-20.466,1.4013,19.741,-0.28812,-16.866
32.7,-0.033391,-0.0049414,-0.047781,-1.0159,0.01445,-0.041583,-0.016401,0.82157,-13.36,0.23126,-13.78,1.5244,23.394,1.5066,-20.211,-0.01859,0.0027051,-0.0073951,-1.0045,-0.0036409,-0.014329,-0.0091821,1.891,-4.3687,-0.20659,-20.628,0.43226,18.168,0.029722,-14.992
32.8,-0.0431,0.0069307,-0.031971,-0.99138,0.011231,-0.039194,-0.021019,-1.6908,-12.666,-0.36848,-13.58,1.2984,21.726,2.847,-18.487,-0.053261,0.021167,-0.027657,-0.99464,-0.0046291,-0.011619,-0.0067568,0.827,-6.0144,-2.4893,-21.102,-0.79804,16.44,-1.2519,-14.7
32.9,-0.030071,0.00090563,-0.041639,-1.0009,0.019694,-0.034624,-0.021465,0.95668,-13.128,-0.039161,-14.975,2.0556,24.121,-0.83025,-20.188,-0.019966,0.015441,-0.0060956,-0.985,0.0077778,-0.0072724,-0.006125,0.43006,-3.9049,-1.3453,-20.819,0.051285,18.995,-1.061,-15.797
33,-0.050393,0.00035693,-0.0457,-0.97702,0.023468,-0.037864,-0.015995,1.7305,-10.866,-1.0088,-14.979,0.78254,24.059,-1.1043,-20.422,-0.027632,0.019138,-0.024898,-1.0036,-0.0050051,-0.0098154,-0.010992,-0.012999,-3.4369,-1.4314,-20.366,0.29449,20.405,2.0752,-16.109
33.1,-0.032665,0.0094389,-0.038319,-0.99652,0.017706,-0.033312,-0.01828,1.7758,-10.995,-0.87473,-16.086,0.67042,25.071,1.3566,-18.803,-0.029348,0.0076111,0.0059005,-1.0067,-0.01491,-0.016157,-0.018505,1.6103,-1.7813,-0.24841,-25.571,-0.13159,18.347,-0.43609,-15.639
33.2,-0.04778,0.0074821,-0.026312,-0.9921,0.011499,-0.024315,-0.010259,-0.6523,-8.8259,-0.66789,-15.585,1.8035,23.979,-0.086404,-18.901,-0.031735,0.01612,0.00089273,-0.99335,-0.01073,-0.00042744,-0.01313,0.74776,-2.2062,-1.3332,-23.619,-1.0063,19.36,-1.2557,-17.892
33.3,-0.036105,-0.0098731,-0.044371,-0.99624,0.0069803,-0.032848,-0.021569,1.7603,-9.5561,1.073,-18.998,0.85401,25.775,0.27863,-18.566,-0.0322,0.018811,-0.0092539,-1.0047,-0.017993,0.0057831,-0.0083678,-0.2356,-3.0542,-0.082694,-21.93,-0.032166,20.354,0.26538,-16.274
33.4,-0.053756,0.0067716,-0.024316,-0.99477,0.013959,-0.028624,-0.01835,-0.5615,-9.4551,-1.8354,-17.241,1.0492,25.939,-0.96308,-18.813,-0.046665,0.02071,-0.027241,-1.0098,-0.012393,-0.0097098,-0.0068979,1.6285,-1.89,-1.4422,-24.429,0.92737,19.443,1.205,-16.061
33.5,-0.042465,0.0061474,-0.044626,-0.98897,0.0083474,-0.031633,-0.026088,1.6037,-9.3432,-1.0773,-18.224,0.74362,25.848,0.99539,-18.017,-0.036848,0.010047,0.0036992,-0.99794,-0.014295,-0.0062155,-0.010194,0.94146,0.016297,-0.8974,-23.816,-0.15873,18.228,1.5686,-14.876
33.6,-0.046879,-0.0028745,-0.012236,-1.0003,0.0065099,-0.014393,-0.015726,1.061,-9.9021,-1.3705,-18.175,-0.78508,24.942,-1.9921,-19.032,-0.034047,0.013111,-0.011936,-1.0105,-0.017347,0.0020995,-0.0070858,-0.73919,-1.2281,-0.01127,-23.459,-0.18695,18.652,-0.26098,-16.412
33.7,-0.027079,0.012841,-0.039925,-0.97553,-0.00029387,-0.027042,-0.020773,1.0268,-9.4174,-0.51294,-19.63,2.2079,24.226,-0.87061,-20.499,-0.039053,0.022228,0.008256,-0.99572,-0.024832,-0.002966,-0.0095549,2.0472,-1.5128,-1.1578,-23.735,-0.91512,18.74,-1.4843,-14.868
33.8,-0.033068,0.005352,-0.047523,-0.99404,0.0073019,-0.033398,-0.022866,0.43456,-7.8456,-2.2329,-18.1,0.27908,25.371,-0.047347,-19.136,-0.054881,0.014445,-0.017113,-0.99355,-0.014079,-0.008362,-0.010002,0.38646,-1.9604,-1.1725,-25.664,0.73994,18.624,-0.039218,-16.113
33.9,-0.055224,0.019321,-0.030616,-0.98951,0.019388,-0.032851,-0.0093039,1.2813,-10.204,-1.12,-20.16,1.4938,28.324,-1.5316,-19.696,-0.033203,0.010031,-0.010446,-1.0262,-0.019395,-0.0050561,-0.0071314,0.68478,0.39116,-3.7345,-25.397,-1.4062,18.736,-0.24199,-17.83
34,-0.031417,0.015614,-0.030507,-0.98721,0.012686,-0.017087,-0.021208,1.4685,-8.6078,-0.28814,-19.798,1.1985,26.498,1.0072,-20.12,-0.027749,0.033133,-0.034062,-0.99909,-0.018724,0.0053817,-0.0033305,0.1115,-1.005,-2.0816,-24.575,-0.088748,20.075,-0.39253,-15.367
34.1,-0.032624,0.015399,-0.017452,-0.99043,0.00032285,-0.024318,-0.012054,-1.7988,-9.5581,-1.2314,-21.065,1.295,25.135,0.64328,-19.061,-0.024048,0.017503,0.003986,-1.0017,-0.018159,0.00057745,-0.0019974,-1.3753,-1.3109,-0.15882,-24.645,-0.052795,17.237,0.40882,-16.501
34.2,-0.053726,0.022666,-0.023282,-0.99093,-0.00538,-0.023112,-0.016982,0.96447,-6.9409,-1.9061,-19.447,0.65942,28.607,0.52332,-20.58,-0.019286,0.011169,-0.0083567,-0.99858,-0.013863,0.0035989,-0.0048819,1.2271,2.0675,-0.44226,-25.589,-0.2273,16.587,0.52931,-17.794
34.3,-0.059109,0.025909,-0.036015,-0.98329,-0.0021781,-0.024382,-0.0090424,0.95307,-7.6074,-1.2244,-19.537,1.2799,26.327,0.15403,-19.907,-0.025783,0.041302,-0.016736,-0.99153,-0.019716,-0.0031262,-0.0083207,-1.2922,-1.3747,-1.596,-27.837,0.37272,17.643,-0.5535,-15.664
34.4,-0.047067,0.019078,-0.030389,-1.0058,0.0052011,-0.014849,-0.01769,-0.025744,-7.38,0.18637,-22.548,-0.022229,26.527,-0.076524,-18.475,-0.031111,-0.00087957,-0.018335,-0.9886,-0.02526,0.0022279,-0.0081896,1.1675,0.19558,-1.7803,-27.249,0.16833,17.556,-1.7752,-16.365
34.5,-0.056458,0.010344,-0.015535,-1.0051,-0.0026842,-0.017483,-0.016706,-1.7097,-8.1488,-0.5421,-21.766,1.2748,26.395,-0.049006,-21.515,-0.033789,0.0029857,-0.0121,-0.99624,-0.032129,0.0091812,-0.01177,0.85098,0.22819,0.57048,-26.991,-0.75837,17.25,0.90825,-14.626
34.6,-0.067999,0.024429,-0.0074688,-1.0106,0.0022823,-0.020683,-0.020317,1.8042,-6.038,-0.79619,-22.152,-0.67322,26.363,1.7334,-19.525,-0.017805,0.0074623,-0.0075032,-0.97341,-0.021027,0.0059262,-0.0035453,1.0031,0.36578,-1.1866,-26.069,-1.7628,16.392,0.53899,-13.087
34.7,-0.035903,0.010444,-0.01319,-0.97972,-0.0022219,-0.024998,-0.01188,-0.7555,-6.6877,-1.6778,-22.059,-0.8615,25.353,-0.1419,-20.563,-0.024778,-0.00029747,-0.0076633,-1.006,-0.021766,0.014596,0.00016012,1.067,2.2086,-0.90052,-29.596,-1.265,17.369,0.18641,-13.854
34.8,-0.056123,0.02519,-0.012982,-0.98003,-0.002001,-0.012949,-0.012372,0.66911,-7.2372,-2.1095,-23.696,-0.2269,25.181,1.6566,-20.126,-0.011939,0.021337,0.010391,-0.98759,-0.017372,0.0053598,-0.0066685,0.1663,1.7303,-2.5429,-29.471,-0.91461,18.149,1.1245,-13.405
34.9,-0.037059,0.016587,0.0055971,-1.0194,0.0012106,-0.0083269,-0.011326,2.0684,-6.4166,-0.72634,-23.617,-0.63248,26.815,-0.039683,-20.195,-0.028305,0.022839,-0.0022719,-1.0005,-0.023448,0.01249,-0.0097874,-0.83061,1.5619,-0.097745,-29.471,-0.80606,16.425,0.75812,-14.874
35,-0.055609,0.02453,-0.023358,-0.99787,-0.013916,-0.018847,-0.019167,0.28111,-4.7476,-0.69151,-22.931,-0.44479,27.225,-0.68577,-20.795,-0.0077998,0.0017617,-0.013928,-1.0126,-0.017813,0.009235,0.0013966,-1.4625,1.2639,-0.46476,-30.502,-0.61961,16.088,-0.56246,-15.109
35.1,-0.054105,0.023873,-0.036745,-0.99551,-0.004401,-0.0024562,-0.015626,-0.065708,-6.7632,-0.47148,-23.947,-2.4709,26.319,0.20691,-20.789,0.0053453,0.010829,0.0084594,-0.98784,-0.0078374,0.012044,-0.013184,-1.5112,1.016,1.3589,-29.509,-0.57647,13.843,-0.70341,-12.989
35.2,-0.045131,-0.0014588,-0.015397,-1.0146,-0.0066693,-0.011739,-0.02192,-1.3786,-4.7825,-1.0727,-24.007,1.0443,28.411,-0.85853,-20.171,-0.014572,-0.0025221,-0.012023,-0.99681,-0.015334,0.0076784,-0.012121,0.059944,-0.22082,-0.94749,-31.274,-1.0566,15.685,-0.057008,-11.711
35.3,-0.05425,0.029877,-0.01141,-0.98794,-0.0053127,-0.0093476,-0.016407,1.4952,-2.382,-2.9085,-25.084,0.035563,26.443,-1.3212,-19.741,-0.006648,0.019515,-0.0043589,-1.0102,-0.013205,0.014105,0.00027422,1.0084,0.91666,1.4631,-29.83,-0.88397,14.3,0.58135,-13.353
35.4,-0.061523,0.0068916,-0.0090619,-0.98409,-0.01437,-0.017804,-0.012974,-0.18073,-5.3181,0.32524,-24.922,-0.58152,24.652,-0.24992,-21.909,-0.023238,0.00086931,0.00078498,-0.99644,-0.0083691,0.015925,-0.0082219,-1.4633,0.063667,1.5772,-28.442,-0.36491,14.957,2.3174,-14.923
35.5,-0.034741,0.01633,-0.021871,-0.9953,-0.010529,-0.006877,-0.016535,1.2385,-4.3445,-0.68523,-25.035,0.028396,24.697,-0.76755,-19.035,-0.019476,0.020203,-0.0090032,-1.0065,-0.0090195,0.022094,-0.010757,-1.2012,-0.71248,-0.42462,-29.758,0.6673,15.358,1.2259,-14.03
35.6,-0.022148,0.027979,-0.024068,-0.99302,-0.012167,-0.012182,-0.016103,-0.021796,-1.5379,-2.8744,-25.659,0.78892,24.38,-0.47954,-23.758,-0.010486,0.00023714,0.018269,-0.99756,-0.011312,0.011287,-0.007841,-0.83644,0.7412,0.88181,-28.916,-0.67489,15.029,-0.37079,-13.774
35.7,-0.039929,0.0309,-0.021613,-1.005,-0.027052,-0.012406,-0.0097105,1.7574,-3.2618,-0.86502,-26.156,0.63165,23.986,1.9051,-20.583,-0.0072775,-0.0097812,0.0025635,-0.99135,-0.0078183,0.013664,0.0038033,-0.61059,-1.4936,0.9414,-28.729,1.2371,14.604,0.14282,-14.785
35.8,-0.040474,0.013761,-0.017755,-0.99982,-0.019586,-0.0039174,-0.01775,-1.3123,-2.9688,-2.3658,-25.76,-1.78,23.922,0.39054,-18.999,-0.020682,-0.0023642,-0.010923,-1.0226,-0.010627,0.011622,-0.0039758,-2.0556,-1.7315,-0.52909,-27.82,-0.097259,16.463,0.10493,-13.04
35.9,-0.037906,0.034591,0.0028661,-1.0091,-0.022904,-0.0096107,-0.010911,0.75047,-2.6861,-1.5027,-27.031,0.44541,23.977,-1.7699,-23.228,-0.017896,0.015874,0.0062765,-1.0045,-0.017027,0.0055134,-0.0048759,-2.8539,-2.1049,-0.79639,-28.454,-1.4026,15.644,0.14363,-14.043
36,-0.032642,0.015455,-0.0087205,-0.9905,-0.026042,0.001274,-0.013132,1.5189,-2.128,0.2395,-26.852,-2.8788,22.653,1.0957,-21.267,0.0012128,0.013547,0.021246,-0.99748,-0.010854,0.010464,-0.0040508,-1.3279,-0.055095,0.69056,-27.923,-1.9981,15.598,2.0991,-15.377
36.1,-0.060496,0.055618,-0.0022177,-1.0012,-0.013238,-0.007809,-0.020836,-0.54522,-2.8553,-0.17784,-26.222,-1.1677,22.804,-1.1005,-21.178,0.0015654,0.02092,-0.015074,-1.0172,-0.012075,0.021677,-0.00105,-0.60182,-1.6637,0.48499,-29.009,-0.91805,14.334,-1.8961,-15.937
36.2,-0.036744,0.033935,-0.0013533,-0.99613,-0.018188,-0.0077805,-0.016522,2.3663,-1.0286,-0.66004,-27.327,-0.39129,24.534,-0.85681,-20.307,-0.032861,0.016807,0.0080354,-1.0053,-0.0015891,0.0046353,-0.00078739,-1.5484,-1.0322,1.0958,-27.96,-1.1019,14.273,-1.2245,-15.256
36.3,-0.044611,0.029255,-0.018747,-1.0022,-0.015314,-0.010093,-0.0014592,-0.58842,-1.9922,-1.2066,-28.74,-2.2328,22.922,1.8411,-22.001,-0.025567,-0.0038726,-0.0037831,-0.98341,-0.005316,0.0090525,-0.0026142,-1.5691,-3.84,0.77646,-26.421,0.24395,14.433,-0.54889,-16.288
36.4,-0.016156,0.020539,-0.013408,-1.0162,-0.022658,0.007718,-0.0049238,1.2749,0.29773,-0.54042,-30.223,-1.8467,21.281,-1.2372,-20.021,-0.027979,0.0030821,0.000333,-1.0111,-0.0064088,0.0077048,-0.011217,-1.4736,-0.20499,-0.16011,-26.414,1.6364,14.384,-0.021837,-14.977
36.5,-0.035528,0.023071,-0.011342,-1.0067,-0.015296,-0.0061252,-0.012361,-0.24702,0.33478,-2.0201,-29.077,-0.95418,23.953,1.6193,-18.438,-0.0073042,0.016827,0.0070266,-0.9979,-0.0029633,0.011531,-0.0020979,2.2913,-1.1385,-0.66708,-26.248,1.9012,15.041,0.21051,-13.39
36.6,-0.027837,0.019898,-0.00037174,-0.9821,-0.013132,0.0020706,-0.013026,0.12814,-0.076628,-3.4229,-30.06,-0.5065,22.281,0.55809,-18.95,-0.0094535,0.032313,0.0026592,-0.99132,-0.0047337,0.0055992,-0.0063323,-0.95048,-1.9274,-0.39072,-26.847,-1.0231,13.656,0.9254,-14.547
36.7,-0.029137,0.020468,-0.0094177,-0.99591,-0.027303,0.0025811,-0.010816,-1.1379,-0.14847,-3.9619,-31.41,-1.087,22.788,1.6576,-18.805,-0.024804,0.0099667,-0.0043825,-0.97744,-0.018271,0.0084328,-0.00016506,-0.65739,-2.4208,0.31775,-27.608,0.051734,14.803,0.40878,-14.608
36.8,-0.038722,0.037977,-0.0083533,-0.98907,-0.027088,0.0082387,-0.0032792,2.1205,-0.79049,-0.69218,-30.629,0.40744,21.81,-0.52068,-19.458,0.0043718,-0.017091,0.0012898,-0.99237,-0.0022003,0.0092024,-0.0029226,-0.63748,-1.8831,0.15053,-28.897,-1.2783,14.147,-1.4268,-14.463
36.9,-0.0073492,0.032535,-0.011633,-1.0021,-0.025967,0.00013554,-0.004339,0.77072,1.1635,-0.58817,-32.392,-1.0293,21.453,0.17497,-20.021,-0.013831,0.01642,-0.016127,-1.0065,-0.0089578,0.0096274,0.0049216,-0.54038,-0.974,-1.9598,-28.087,-0.0051881,13.653,1.863,-15.065
37,-0.030361,0.038535,0.00055838,-0.99564,-0.040546,0.0095436,-0.011897,2.562,-0.19637,-0.53327,-31.325,-0.57351,20.282,1.5778,-19.084,-0.0079057,0.0048391,-0.008198,-1.0091,0.0010415,0.0037775,-0.0069536,0.05104,-1.9322,-3.0403,-27.284,-0.099469,16.316,1.1145,-12.928
37.1,-0.03755,0.053598,0.0093937,-0.99894,-0.024739,0.0059052,-0.0085682,0.68051,2.0007,0.4512,-32.096,0.57831,21.715,-0.0011937,-18.591,-0.0093274,0.01973,0.0025602,-0.98911,-0.005815,0.0068004,0.0029233,0.033353,-1.9391,-0.6485,-27.808,-1.2533,16.49,0.37934,-14.501
37.2,-0.033057,0.033173,-0.010521,-0.99818,-0.019621,0.010391,-0.0073003,0.82743,2.6021,-2.3577,-30.87,-1.6009,22.38,-0.33717,-19.895,0.017004,0.0029716,0.0035918,-1.013,-0.012655,0.0049908,5.1717e-05,0.47752,-1.5026,-0.7892,-27.357,-1.4018,15.144,0.061172,-15.217
37.3,-0.01443,0.037138,0.00022779,-0.99505,-0.031136,0.011508,-0.0039887,0.67646,3.3129,-2.0152,-31.356,-1.6838,21.481,0.396,-18.251,-0.022875,0.010174,0.012099,-0.9899,-0.0053701,-0.00065181,-0.0036655,-0.15971,-3.9983,-0.74651,-27.08,0.027179,15.519,0.56109,-16.097
37.4,-0.022786,0.0099036,0.0081823,-0.96396,-0.032168,0.008343,-0.0027765,0.13455,1.5444,-0.27228,-32.052,0.15587,22.325,-0.73471,-18.388,-4.9045e-05,-0.017217,0.0044168,-0.99653,-0.0052737,0.0023415,-0.0055267,-1.4539,-2.5759,-0.51198,-27.473,2.1223,14.547,0.26603,-13.233
37.5,-0.01772,0.01366,-0.030379,-1.0091,-0.028765,0.011415,-0.0064415,0.0045696,1.3618,0.051693,-32.586,-0.81778,20.741,2.5632,-18.573,-0.011996,0.017389,-0.0047328,-0.98202,0.00075176,0.0052954,-0.0073215,-1.3756,-2.5671,-0.12534,-30.117,0.67095,13.513,1.1832,-13.912
37.6,-0.010131,0.03462,-0.0072391,-0.9929,-0.022295,0.020361,-0.01038,-0.88902,1.128,-1.1197,-34.346,-0.04315,18.874,1.1237,-17.351,0.0075365,0.0096954,-0.0027978,-0.99012,-0.0044507,0.0035878,-0.0053528,-0.55395,-3.998,0.38089,-28.843,0.7186,12.316,1.72,-14.326
37.7,-0.030503,0.016673,0.033098,-1.0137,-0.023552,0.022118,-0.0084285,0.050743,1.7845,-0.89667,-34.202,-1.7749,17.5,-0.23937,-16.859,0.0022836,0.017807,-0.0067361,-0.97992,-0.0013858,0.0091329,-0.00076448,0.70019,-2.1747,0.2452,-28.494,1.0973,14.254,-0.33481,-13.278
37.8,-0.024025,0.04796,0.010751,-0.98624,-0.019261,0.018662,0.00080253,-0.89044,1.3028,-0.75909,-33.521,-1.6442,18.67,1.1584,-18.334,0.0048972,-0.0052648,-0.0091827,-1.0283,-0.0031921,0.0041143,0.0078007,-1.5306,-2.0618,-1.7831,-27.439,-0.39325,15.429,-0.68174,-14.343
37.9,-0.016888,0.026077,0.0034587,-1.0092,-0.015777,0.01916,-0.0083884,-0.35986,-0.48241,-2.1924,-34.163,0.8404,20.264,2.2555,-18.77,-0.0082659,0.00084538,0.0036581,-1.0051,0.00092793,0.017043,0.0020776,-0.061851,-1.2493,-1.6784,-27.738,-0.49886,14.457,0.17189,-13.644
38,-0.0085591,0.0058069,-0.0017671,-1.0139,-0.01801,0.022932,-0.0049613,-0.5831,-0.86902,-1.2883,-36.754,-1.4587,16.701,-0.011539,-16.433,-0.0078857,-0.012919,-0.010554,-1.0117,0.0033975,0.0058167,-0.012076,-0.3378,-4.554,-0.31484,-26.568,1.6538,14.736,1.7719,-13.928
38.1,-0.027784,0.02676,-0.026416,-1.0063,-0.015232,0.015493,-0.0035699,0.76574,-2.1222,-1.2704,-35.252,-2.0481,17.917,-1.632,-18.481,-0.010314,-0.0097846,-0.014298,-1.0046,-0.00046045,0.0085474,-0.0010182,-0.36814,-3.9613,-0.27122,-26.578,-0.40612,15.536,-0.64009,-15.2
38.2,-0.0077532,0.01006,-0.0096263,-0.99388,-0.01381,0.02262,-0.002052,0.36445,0.60224,1.5191,-35.232,1.436,17.363,-0.36158,-15.232,-0.010639,0.011942,0.0039163,-0.99267,-0.010144,0.0002183,0.0018589,-0.64841,-2.0561,1.1623,-27.714,-1.1572,12.604,-1.1892,-15.612
38.3,-0.01569,0.011923,-0.0031324,-1.0002,-0.024643,0.017086,0.0029339,-0.82054,0.076752,0.49992,-35.277,2.3449,18.672,-0.65637,-16.118,-0.015458,0.0207,-0.0013767,-1.0066,-0.010603,-0.00037175,0.0030809,0.74033,-2.6541,-1.0097,-26.627,-0.98334,16.084,0.22701,-13.197
38.4,-0.018387,0.012838,-0.0027427,-1.0011,-0.02016,0.021176,0.0019589,-2.101,0.1015,1.7225,-34.975,1.7311,16.463,0.4118,-16.064,0.0013691,-0.01485,-0.0096049,-0.99881,-0.0050098,-0.0085853,-0.0055857,-3.0778,-2.9557,-0.37103,-26.574,2.2398,14.88,1.83,-14.636
38.5,-0.0049326,0.036885,-0.008324,-0.99687,-0.013766,0.025518,0.0015064,-0.27978,-0.4454,0.45291,-34.523,-0.33364,17.95,0.16595,-17.18,-0.0094332,0.026795,0.023885,-1.0206,0.0011008,-0.0021281,0.0020829,-3.0828,-4.6827,-0.90804,-25.186,0.43399,13.97,-1.2576,-14.046
38.6,-0.0067172,0.016062,0.0040332,-1.0075,-0.023604,0.017052,-0.0063396,-1.9988,-0.28327,-0.53882,-34.574,0.12362,18.262,0.97689,-15.412,-0.0055098,-0.0082434,-0.0055493,-1.0056,0.0060744,0.0037955,-0.00058581,-0.28766,-2.4606,0.41987,-26.858,-0.074701,14.781,-0.35856,-12.123
38.7,-0.012379,0.024866,-0.0015233,-0.99912,-0.0050445,0.012212,-0.005587,-1.2258,0.081647,2.7781,-34.651,-1.1581,19.508,-0.91073,-19.763,-0.0088395,0.0024702,0.018668,-0.99201,-0.0032086,0.0089267,0.0094818,0.90208,-4.7356,0.13517,-28.995,-0.86339,15.723,-1.7581,-14.242
38.8,-0.013096,-0.016536,0.0017602,-0.99509,-0.0043153,0.0090821,-0.0098329,-1.3872,-1.7151,0.71888,-33.497,-0.44784,16.841,0.97748,-17.426,-0.010431,0.00060107,-0.005031,-0.98582,-0.01298,-0.0057447,0.0047275,-0.68489,-3.7113,1.5457,-24.974,0.10513,14.591,-1.9368,-13.451
38.9,-0.012454,0.013615,-0.020279,-0.97225,-0.0099335,0.023561,-9.4012e-05,-1.3923,-3.0077,1.4459,-33.057,1.8287,19.435,-1.2694,-17.918,-0.020948,0.0044588,-0.020887,-1.0063,-0.0047673,-0.0018333,-0.0021731,-1.1036,0.012793,1.11,-28.897,-0.070305,13.773,-0.5298,-12.718
39,-0.0064802,0.022952,-0.013546,-1.0076,-0.01068,0.00263,-0.0082683,-0.87918,-0.25125,0.88552,-31.476,-0.72632,18.045,-0.71137,-17.062,-0.02265,0.0046306,0.0063908,-1.0118,0.0020028,0.0045614,-0.0096943,-0.47155,-2.2922,-1.4272,-26.93,0.5222,15.922,1.407,-16.201
39.1,-0.012825,0.012341,-0.011208,-1.0101,-0.009331,0.011585,-0.003703,-0.54386,-4.1987,1.7581,-31.328,-1.3397,18.753,0.49976,-18.632,-0.0089353,0.011376,0.002283,-0.99273,-0.0048754,-0.0043692,-0.0053196,-1.3323,-2.4621,-0.85282,-27.861,-0.86298,14.739,2.1267,-14.287
39.2,0.006303,0.00034439,-0.0099612,-0.98569,-0.001372,0.0076415,-2.3444e-06,-2.0778,-3.1188,-0.4191,-33.176,1.6611,18.387,-0.60993,-18.114,-0.025036,0.018337,-0.0090114,-1.003,0.0028715,-0.001094,0.002707,-0.062509,-4.3255,0.90132,-27.775,-0.44979,15.697,1.7113,-12.349
39.3,-0.0058349,-0.013583,-0.003217,-1.0069,-0.0071343,0.015606,-0.0033598,0.18607,-2.2784,-0.7496,-33.355,0.6971,18.472,1.4458,-18.104,0.0024401,-0.012086,-0.0098167,-0.99587,-0.00056825,0.0089712,0.0043184,0.081087,-1.6478,0.85574,-26.98,0.34327,16.477,-0.51788,-11.95
39.4,-0.0066555,0.00026657,0.014084,-1.0038,-0.015301,0.01279,-0.011854,0.78906,-3.8856,0.043297,-32.593,-0.34413,19.466,-0.27111,-19.014,0.01227,-0.016823,0.0051119,-0.98904,-0.0062643,0.0029804,0.00039378,-0.35814,-2.8551,0.72311,-27.997,0.26981,12.19,-1.3363,-12.644
39.5,0.0013648,0.018427,-0.0032021,-0.99504,-0.014313,0.0064058,-0.0041388,0.1928,-3.3055,0.43464,-34.307,-2.4126,19.938,-0.06514,-18.262,-0.011186,0.014131,-0.0019972,-0.99051,-0.0086877,0.0044643,0.0079492,0.91527,-5.5067,-1.4394,-26.892,2.0241,12.684,0.18131,-14.035
39.6,-0.0048504,0.0022535,0.015806,-1.0003,-0.0036373,0.01284,0.0066518,-0.57477,-2.168,-0.2441,-31.445,1.2935,18.106,0.31562,-18.106,0.012971,0.0034962,-0.0045683,-0.9799,0.0049827,0.0052042,0.0084278,-1.3382,-2.7606,-0.51093,-26.489,0.40469,15.712,-1.2315,-12.297
39.7,0.0048002,0.0038205,0.0035751,-1.0045,-0.0031938,0.0038286,0.0016581,-0.32716,-4.733,0.21813,-30.541,2.4964,17.614,-0.43736,-18.141,0.00050694,0.0025455,-0.0041583,-0.98626,-0.0010307,0.0029397,0.00055633,-0.4933,-4.0143,1.182,-27.115,0.021709,14.256,1.7073,-14.365
39.8,-0.016285,-0.004287,0.0037396,-1.0046,-0.018099,0.014132,0.0018324,-1.8185,-3.314,1.9094,-32.766,-1.8578,18.011,-0.13252,-18.596,-0.011665,-0.0022876,0.0046477,-0.99195,0.0041011,0.0043817,-0.0063371,0.43524,-3.5637,0.69027,-27.415,0.1345,14.274,-1.3459,-15.431
39.9,0.0036985,0.016124,-0.0080851,-1.0018,-0.0063031,0.010559,0.0042667,0.31485,-3.988,-0.13033,-32.477,-0.68022,19.029,1.6056,-18.9,-0.011744,-0.00088624,-0.0094561,-0.99907,-0.003252,0.0043622,0.0087366,-0.31969,-4.0297,1.7414,-29.703,-0.57299,15.508,-1.1987,-14.895
40,0.0010249,0.01879,0.0066604,-0.98897,-0.012155,-0.00061714,-0.0012449,-0.098867,-3.789,0.13716,-30.411,-1.52,17.149,-2.5736,-17.625,-0.0034809,0.012487,-0.0067625,-0.99758,0.0063226,-0.0057244,-0.0018722,2.7365,-3.1433,-0.38433,-27.538,1.4164,14.391,1.1866,-14.309
40.1,-0.0081227,0.0076498,0.0018622,-0.99861,-0.0082395,0.01324,-0.0085213,-0.090148,-2.7102,-0.097573,-29.353,0.65197,17.811,-0.60269,-17.525,-0.010838,-0.0023112,0.00051325,-1.0159,-0.011398,0.0060216,-0.0020713,0.1693,-2.1951,0.070673,-27.283,-1.2812,14.65,0.20712,-13.781
40.2,0.0055105,0.020423,-0.015253,-1.0128,-0.00038178,0.0010876,0.0031475,-0.51357,-2.0827,-0.21722,-30.86,0.068929,19.334,0.48481,-15.241,0.00087996,-0.0015613,-0.013782,-0.98409,0.0054528,0.0029389,-0.001219,-0.60074,-3.6512,2.4176,-27.947,-0.22686,14.651,-0.84342,-13.946
40.3,0.0040809,0.021187,-0.00084187,-0.99441,-0.0040924,0.0089764,-0.0057791,-0.73807,-3.5815,-0.80323,-30.162,0.45115,18.011,-0.30037,-17.965,-0.0047397,0.0020166,0.001029,-1.0031,-0.00049321,0.00081913,-0.0029701,-0.36707,-5.8925,0.45865,-28.543,-0.23388,14.938,-0.87021,-13.803
40.4,-0.0038421,0.0023039,0.00072902,-0.99776,0.0069248,0.016516,-0.01029,-0.5747,-4.4733,1.0707,-31.102,-0.47365,19.678,-0.038512,-17.328,-0.01218,-0.010307,0.0019234,-1.0101,0.003082,3.6909e-05,-0.002348,0.8692,-2.342,0.59982,-26.926,-0.072871,13.642,0.56671,-15.822
40.5,0.010204,0.014178,-0.0063649,-0.99834,-0.0060059,-0.00084242,0.0085226,0.59352,-5.2097,1.4706,-30.477,0.2934,18.55,-3.129,-18.028,-0.0012837,-0.0027824,-0.01797,-0.98298,0.00016113,-0.00052212,0.010584,2.0451,-2.3485,0.0872,-27.709,1.2015,12.708,-0.40994,-13.966
40.6,-0.016605,-0.001253,-0.0059885,-0.98147,-0.013405,0.003902,0.0092484,-0.98132,-4.563,-2.2737,-30.976,0.24198,19.086,-0.45083,-19.307,0.013196,0.019258,-0.012083,-1.0055,-0.00043424,-0.0035133,-0.0063528,-0.20969,-2.4871,-1.591,-27.452,1.5185,15.198,0.618,-15.149
40.7,-0.013232,0.0099989,0.0006919,-1.0093,-0.010726,0.003414,0.0091798,-1.0168,-3.7358,-1.4888,-30.697,1.2059,17.012,0.29157,-17.806,0.0068996,-0.0054198,0.012773,-1.0007,0.0030914,0.0089561,-0.0021938,-1.5593,-5.18,-1.0692,-28.489,1.3033,13.17,1.1733,-13.357
40.8,-0.0061975,0.0068075,-0.0085221,-1.0076,-0.0062938,0.0063218,-0.002706,-4.434,-4.5224,-0.23688,-31.158,2.8896,19.087,1.0732,-17.491,0.015949,0.012407,-0.0068411,-1.0053,0.0074364,0.0051624,0.0018056,-0.53424,-4.4306,-0.23186,-27.138,-0.70745,15.286,-0.78264,-12.191
40.9,0.0010638,-0.014341,0.00094542,-1.0052,-0.00059069,0.001723,-0.0024775,1.4563,-3.2436,1.3523,-30.925,0.47261,18.818,1.3008,-17.82,-0.013851,0.0056368,-0.0006481,-0.99414,-0.0059616,-0.0030708,-0.00086069,0.31625,-1.3749,0.087886,-28.219,-1.672,13.965,2.0678,-14.312
41,-0.01399,0.016213,0.0076868,-0.99869,0.0038833,0.00416,0.0031169,-0.6269,-3.5911,3.2608,-30.694,-1.5873,19.948,0.19403,-18.317,-0.0040124,-0.0044191,0.011545,-1.0234,9.2684e-05,0.0004394,0.0022086,-0.3334,-3.0402,-0.78868,-27.505,-1.1596,14.298,-0.18525,-13.989
41.1,0.0036075,0.021923,0.0057146,-0.9832,-0.0091419,0.0024817,0.002834,0.20361,-4.7308,1.0726,-31.1,-0.12077,17.753,-0.9225,-16.89,0.0050122,0.015978,-0.006233,-0.99707,0.0035517,-0.00042095,0.00052368,-0.17626,-2.5899,-0.23878,-26.534,-1.274,14.187,-0.76734,-14.033
41.2,-0.020297,-0.0074225,0.013053,-1.0107,-0.010189,-0.0011871,-0.0010121,-2.8981,-5.1237,0.80204,-30.853,-0.26332,15.482,1.6687,-17.897,0.0064287,-0.0003548,-0.0033379,-1.0309,-0.0011014,0.013129,-0.0093808,-2.526,-3.3548,-1.3227,-27.703,0.76437,15.567,1.4052,-12.172
41.3,0.0018226,0.014139,-0.0055808,-0.9978,0.01194,0.0068452,0.00041127,-0.47615,-4.9211,-0.91155,-30.67,-0.013304,17.813,-0.021359,-18.305,0.0062266,0.0021915,0.0078321,-0.98966,0.003575,0.0055767,-0.0051434,0.0041183,-2.3745,0.54544,-27.635,-1.0124,15.376,-1.6809,-12.219
41.4,-0.025825,0.016108,0.017136,-0.98735,-0.0051796,0.0067019,-0.011038,1.8383,-3.9574,0.098215,-29.267,-0.47442,18.455,1.1928,-18.27,-0.023687,-0.0032094,-0.0095533,-0.9974,0.0042561,-0.0011286,-0.00054684,-0.20626,-3.7908,1.0459,-28.83,0.33657,14.281,-1.5574,-14.607
41.5,0.0014393,0.0098882,0.0038613,-1.0063,-0.0093202,0.0029025,0.0063966,0.72784,-3.168,0.7646,-30.86,-0.095899,18.132,-1.3537,-16.636,0.023336,-0.0073861,-0.0013749,-0.99687,0.0034904,-0.0023283,-0.00026695,0.33396,-1.372,1.2406,-28.004,-0.21724,16.896,-0.64223,-13.309
41.6,-0.0016324,-0.0065734,-0.014652,-0.98599,-0.0053771,-0.002273,0.00076419,-1.405,-2.6072,0.98965,-29.582,-0.41631,17.496,-0.59082,-18.31,0.00035633,-0.0094928,-0.0053232,-0.98652,-0.0041049,0.0016825,0.0064102,-0.51335,-3.0939,0.56003,-25.979,-0.15338,15.867,1.9783,-12.049
41.7,-0.0063059,-0.00044546,0.010469,-1.0148,-0.0046101,0.003522,0.0045452,-1.3446,-5.042,-0.53569,-29.93,1.3561,17.99,-0.61206,-17.361,-0.013579,0.025447,-0.0084418,-0.99378,0.0072485,0.0074477,0.0044675,-0.90938,-4.0302,0.82118,-25.69,1.8389,14.548,-0.95664,-13.891
41.8,0.0010226,0.016272,0.010376,-0.978,-0.0018534,0.00035607,-0.0023729,-0.99553,-4.6405,0.18889,-29.741,2.2028,16.571,2.0004,-18.628,-0.018936,-0.012137,-0.017166,-1.002,-0.0023284,0.00066039,-0.0057678,-0.63435,-3.9822,0.6907,-25.922,0.49955,14.87,0.99243,-12.099
41.9,0.0027129,0.0071972,-0.015389,-1.0096,0.014351,0.0024927,0.0023096,0.26434,-7.1689,-0.3154,-30,0.17869,17.643,0.55157,-18.29,-0.010984,0.0069243,0.00047664,-0.98682,0.010604,-0.0047963,0.0043874,0.011411,-4.0219,1.5841,-28.56,-0.034143,14.736,0.26651,-14.63
42,-0.014187,-0.00063536,-0.008085,-1.0036,-0.011023,0.00763,-0.0031901,0.94604,-5.9744,-0.32144,-28.113,-0.18376,16.883,-1.4101,-17.806,-0.0015027,0.014037,-0.01619,-0.99623,-0.005698,0.0051005,-0.0063159,0.42163,-1.0476,-0.83403,-27.334,-0.11972,14.244,-2.3287,-14.601
42.1,-5.1171e-05,-0.0079429,-0.0062593,-0.98217,-0.0040309,-0.0037992,0.014508,0.52681,-4.8171,0.84864,-29.961,-1.1449,18.076,0.92168,-17.666,-0.00036417,0.0025657,0.0050597,-1.0015,-0.0059446,-0.0015033,-0.0016247,-1.4973,-1.2684,-0.16637,-27.079,-1.2735,14.047,0.90963,-13.906
42.2,0.013896,-0.012516,0.0057983,-0.99268,-0.00083396,0.0072688,0.00086754,0.33991,-3.321,-0.2087,-31.807,1.0099,18.599,1.1251,-19.295,-0.0025178,0.0081362,0.00057843,-0.9924,0.0048881,5.8794e-05,-0.0024515,-0.70838,-3.6087,1.091,-28.452,1.0704,15.381,0.242,-14.508
42.3,0.0065911,0.0059912,-0.0028739,-1.0115,0.0021183,-0.0037972,0.0060783,-0.85585,-3.8743,-0.40529,-30.418,-0.059361,16.51,0.83004,-16.608,-0.0028312,0.015785,-0.00077004,-1.008,0.0031704,-0.0020216,0.0076157,-0.29969,-3.1073,-1.5181,-28.246,2.1098,15.472,0.12332,-13.691
42.4,-0.001472,0.0022866,0.0031989,-1.0257,0.0011893,-0.0012223,0.0034604,0.71754,-5.1058,-0.87355,-30.494,-1.4362,18.471,0.25895,-16.523,0.01264,0.0063064,-0.0080214,-1.001,-0.0041093,-0.0015782,-0.0055204,-1.0991,-4.1439,1.472,-28.145,-0.59566,15.94,-0.90618,-13.617
42.5,0.019236,0.013904,-0.026444,-0.9822,0.0065746,0.0017348,0.0077813,0.52686,-4.5905,0.41215,-30.566,-1.7505,17.345,-0.53047,-16.161,0.015822,-0.019316,0.0098018,-1.0015,-0.00017246,0.0026119,-0.00092321,-0.5463,-2.5512,-0.39782,-28.819,-0.20816,14.331,-1.0332,-13.439
42.6,0.000233,-0.0016473,0.003671,-0.99673,0.0035754,-0.012569,0.0032602,-0.51548,-3.2788,1.1137,-30.673,-0.82271,16.718,-0.36109,-18.238,-0.0044665,0.013394,0.0040456,-0.99397,-0.00123,0.007612,-0.00076588,1.2213,-3.6104,0.23524,-28.287,-0.98332,14.026,-0.38442,-14.562
42.7,0.011132,0.001168,-0.023242,-0.99555,0.0052102,0.0042709,-0.0074498,0.45336,-4.6258,-1.8579,-29.094,0.84648,17.157,0.58219,-16.508,0.010745,0.004144,-0.0035226,-0.99673,-0.0062755,0.012917,-0.0068381,-0.34035,-2.3598,-0.55186,-28.257,0.43765,16.249,0.34589,-12.747
42.8,0.0072419,0.0058428,0.011712,-1.0146,-0.00051972,0.0059804,-0.001944,0.21543,-4.9495,-0.74441,-31.708,1.1111,19.066,-0.49354,-17.411,-0.015185,0.011215,-0.017814,-1.0038,0.0035183,0.0020947,0.00068884,-1.7381,-3.3471,-1.0859,-28.858,0.97942,14.882,-0.32538,-14.898
42.9,-0.0087577,0.011549,0.01038,-1.0022,0.0026896,0.0019417,0.0032265,1.7042,-5.3385,3.2396,-32.268,-0.96868,17.432,-1.1683,-17.732,0.010087,-0.015418,-0.0087527,-1.0026,0.0030929,0.005026,0.0020288,1.064,-4.1534,-1.4513,-29.872,0.4705,16.778,0.2343,-12.487
43,-0.0034097,-0.00094152,0.0031928,-1.0063,-0.0026689,0.0030355,0.0011342,-1.2003,-5.0846,1.1729,-30.085,-0.18924,18.74,-1.1947,-16.59,-0.003992,0.0061142,0.011924,-0.99743,0.014639,-0.0038895,-0.0054183,-0.019284,-1.7347,2.0178,-28.683,0.2266,15.681,0.45767,-13.06
43.1,-0.01514,0.0058966,-0.0033777,-0.98157,-0.0026656,0.0078268,-0.0064115,-1.3849,-5.5772,-1.2518,-30.64,0.41878,16.28,-0.49018,-14.397,-0.0062274,-0.00243,0.00060067,-1.005,-0.0037932,-0.0022603,0.0036668,-0.0052467,-5.3138,-0.20717,-29.237,-2.0171,13.618,-0.25006,-16.665
43.2,-0.001423,0.001339,0.0071293,-1.0132,0.0014443,-0.00073468,0.0025794,0.53492,-4.8074,-0.13477,-29.705,0.28448,17.952,1.0302,-18.268,-0.0040786,0.00024117,-0.0069329,-0.99134,-0.0024546,-0.0010974,0.002299,-0.014371,-2.1784,1.0387,-29.032,1.2892,14.997,-3.3438,-14.007
43.3,0.005319,0.018126,0.014188,-0.98999,0.0014896,0.0056917,-0.0018719,-1.0706,-4.9967,0.33893,-29.83,0.51855,17.279,0.44961,-16.716,0.025709,0.00020361,-0.015852,-1.0095,-0.0062251,0.0071547,0.0018211,1.0737,-2.7245,0.36831,-29.259,1.608,14.174,-0.27421,-13.164
43.4,-0.0076554,0.0088563,0.023819,-0.99325,0.0020215,0.0010922,-0.0079205,1.367,-5.7768,0.90628,-30.137,-1.0181,18.724,-0.26466,-15.695,0.0029484,-0.0031887,-0.0087974,-0.99471,0.0014633,0.0059384,-0.0050619,0.32534,-2.3725,-1.592,-30.751,1.551,15.133,2.2095,-13.25
43.5,-0.011131,-0.0015992,0.0095646,-1.0089,0.0024756,0.0036452,0.0037882,1.1521,-4.7801,1.9612,-31.759,-2.7253,18.335,-0.98602,-17.245,-0.0038649,-0.012518,0.00521,-0.99903,-0.0020248,-0.0070188,-0.0011732,0.81046,-2.0569,0.54161,-30.136,1.6751,17.004,-0.92869,-14.238
43.6,0.0012735,0.0028731,0.012949,-0.99642,-0.0010507,0.0020993,-0.00059531,2.6748,-4.2137,1.2506,-30.419,-0.26576,18.385,-1.5359,-16.894,-0.0054203,-0.0074519,-0.0017743,-0.99166,0.0019792,-0.0061716,0.0015376,-0.63011,-3.1279,0.094235,-28.307,0.28027,14.444,-1.2935,-14.693
43.7,0.0035288,-0.00051755,-0.0024797,-0.99705,0.00020079,0.0078914,0.0012848,-0.65441,-4.8235,-1.2401,-29.14,-0.25777,18.835,-0.26532,-17.88,0.008833,-0.0047413,-0.00059481,-0.98477,0.002061,0.0013021,0.0032152,0.98824,-4.6953,0.62745,-28.284,1.1989,13.417,-1.2886,-14.261
43.8,-0.0067319,-0.0020306,-0.0002559,-1.0038,0.00055255,-0.0019355,0.0076419,-2.6499,-4.7091,-0.75598,-30.632,0.6338,18.182,-0.23894,-19.195,-0.0080944,9.1652e-05,-0.0057376,-0.99666,0.00082196,0.006042,-0.005056,0.2476,-1.3344,-1.324,-28.01,-1.3317,15.069,0.75978,-13.852
43.9,0.0081646,0.0065133,0.0044145,-0.99408,0.00059517,-0.00394,-0.000377,-1.2992,-3.5848,-1.5794,-28.877,-0.70524,17.363,2.2079,-16.727,-0.004285,0.0075758,0.0094298,-1.0097,-0.0041852,-0.003454,-0.0079798,-2.161,-4.3372,-0.081911,-28.827,0.87728,14.757,0.30464,-14.764
44,0.0007125,0.0062541,0.0077562,-0.99166,0.0016997,0.0054129,0.0015679,1.132,-4.726,1.1377,-29.515,1.2291,18.769,-0.21658,-16.875,-0.0076075,0.00092325,-0.014491,-1.0042,-0.0055277,0.0036977,-0.0037105,2.0204,-2.1119,0.73825,-27.562,0.49115,15.877,0.073935,-13.41
44.1,0.0020759,-0.0051933,0.0051295,-1.0127,-0.001898,0.0052563,-0.0011067,-1.815,-4.2774,-0.28852,-31.17,0.50366,15.897,1.3772,-17.477,0.013023,-0.0038308,-0.0024287,-1.0143,0.0011304,0.0019273,-0.00050253,1.6461,-4.8516,0.2043,-30.073,-2.1333,16.157,-1.7487,-12.054
44.2,0.0014198,-0.0063731,0.0060559,-1.0021,-0.012203,-0.0024885,0.0051655,-1.1698,-5.1089,-0.15889,-31.391,0.96238,16.871,0.32496,-16.555,0.0027847,8.8388e-05,-0.011078,-1.0158,-0.0084513,0.0046905,0.003485,-0.73527,-3.7657,0.33486,-28.13,-0.57377,14.957,-0.1661,-13.233
44.3,0.0040681,-0.014257,-0.0030314,-1.0155,0.0045484,-0.0032,-0.0013318,-0.86566,-4.0014,-0.38431,-30.406,-0.086682,18.5,1.3196,-15.907,0.010965,-0.011348,0.00083617,-1.0072,0.0036744,0.0019309,0.0072502,-2.6067,-4.153,-1.5435,-30.226,-0.41374,15.433,0.073366,-14.966
44.4,-0.0013061,0.0024027,0.00056143,-1.0003,-0.0020889,0.0046006,0.0049123,-2.5168,-5.6671,-3.5026,-31.535,0.6884,17.797,0.36364,-16.811,0.0071807,-0.002703,0.036457,-0.99547,0.0025747,0.00079191,-0.0021487,0.96168,-2.6357,-1.0897,-29.34,1.0002,15.551,0.26775,-13.939
44.5,0.0046619,0.017663,0.0046244,-1.0015,0.00091619,-0.0057342,-0.005702,-0.07671,-5.2006,-0.24146,-32.202,-0.86689,16.754,0.38324,-16.741,0.0040083,-0.015921,0.016941,-0.9902,-0.0017525,0.0092375,-0.0029727,1.1186,-2.2625,-0.96428,-30.154,0.64241,14.061,-0.71164,-12.807
44.6,0.010753,-0.0063803,-0.007618,-1.0025,-0.002791,0.0017136,-0.0032866,0.7649,-6.1284,1.6337,-30.257,-0.74742,16.44,0.75031,-16.701,0.012871,0.024574,-0.018889,-0.98734,-0.0040486,0.0022888,-0.0052665,1.02,-4.3595,-1.4643,-30.266,-1.3435,16.194,-0.28852,-14.584
44.7,0.0049427,0.010147,-0.0083884,-1.0179,0.0022627,0.00034126,0.0035351,-1.4398,-6.3112,-0.47929,-30.316,-0.10764,16.671,-0.032335,-17.322,0.012104,0.0077574,-0.018197,-1.0087,-0.004023,0.0017427,0.0027675,-0.85281,-2.3638,-0.74697,-27.977,0.24335,16.422,0.13407,-12.696
44.8,0.011608,0.0047785,0.0005666,-1.0048,-0.00029382,0.0064605,0.0073095,0.88031,-4.652,-0.56959,-30.074,0.14634,16.364,0.098648,-16.945,-0.015379,0.015227,-0.0089489,-0.99187,-0.009888,0.0006859,0.0049745,0.34273,-3.6039,-0.16517,-31.778,0.42046,13.798,0.76365,-14.694
44.9,-0.0070194,-0.011746,0.0079997,-0.99808,0.0062475,-0.0023381,-0.00048833,-1.8915,-4.8492,-0.7822,-27.838,1.4115,17.125,0.4696,-17.65,0.013907,0.00020754,-0.00312,-1.0019,0.0025601,-0.00040387,0.003691,-0.29831,-4.7508,0.09288,-29.688,1.3958,17.699,0.41425,-14.38
45,-0.0034262,0.0079631,0.0027427,-0.98748,-0.00044068,-0.0090867,-0.0025405,0.70414,-4.7556,-1.3204,-30.118,1.8235,17.152,-0.82691,-17.143,0.006265,-0.0079357,-0.0077322,-1.0113,-0.00104,0.004895,0.0051064,0.46513,-3.8712,0.020389,-29.576,-0.03792,15.875,-1.9494,-14.705
45.1,0.0046561,-0.0093312,1.8481e-05,-1.0166,0.0021834,0.0040685,0.0044666,-0.88735,-6.0383,1.9913,-32.102,-0.2537,17.45,0.29888,-19.424,-0.0091382,-0.021484,-0.013613,-1.0098,-0.0057387,-0.00074358,-0.0017292,-0.074728,-3.5158,-0.055999,-30.941,-0.45118,14.711,-3.2269,-12.58
45.2,0.021006,0.0066662,0.0063173,-0.97859,0.003591,0.0024135,-4.7774e-05,-1.7581,-4.2498,-0.19551,-31.448,-1.2477,17.364,-0.19215,-18.357,0.010919,-0.012812,-0.0092906,-1.0125,0.00068402,-0.00093163,-0.0026011,-1.2113,-2.2715,-0.36479,-27.977,-1.8315,13.737,0.1818,-13.028
45.3,-0.0012029,0.0062083,6.198e-06,-0.99757,-0.0057369,-0.000444,-0.00013954,-1.0373,-5.2349,-0.01439,-30.54,0.75785,17.535,0.18556,-16.53,-0.008033,0.0016377,-0.0066821,-1.0138,0.0005993,-0.00053937,0.0038547,-1.7414,-2.6615,-1.159,-28.928,1.3564,15.09,2.0445,-14.163
45.4,-0.0044826,-0.00039366,0.008387,-1.0143,-0.0042317,-0.0038722,-0.0031526,-0.0069399,-3.0404,-1.4355,-30.014,-1.0429,19.337,-2.2191,-19.34,-0.015637,0.0043709,-0.0031769,-1.0028,0.0089726,0.0027527,0.0018168,-0.40179,-4.0866,-1.0837,-28.399,-0.5957,16.834,1.7787,-13.44
45.5,-0.0026822,0.0079879,-0.0084838,-0.99107,-0.0016248,0.00098929,0.0013574,-0.10266,-5.2323,-1.4657,-30.577,-0.096995,17.429,-0.71207,-16.855,0.011085,-0.00065078,-0.011853,-1.0029,-0.0030575,-0.0029783,0.00067324,0.61149,-3.9221,0.0084517,-29.297,1.7437,14.963,0.62376,-12.748
45.6,-0.011844,-0.0090118,0.0096211,-0.99359,-0.0037116,0.0034287,0.0058328,-0.40757,-2.4177,-1.4167,-32.175,0.85185,18.197,0.41653,-18.203,-0.020791,0.0034784,0.014683,-0.98395,0.0020922,-0.0068134,0.0022578,-0.42686,-4.0609,1.2143,-29.736,0.85616,15.681,-1.45,-12.664
45.7,0.0065337,-0.002515,-0.016929,-1.0037,8.3248e-05,-0.0074836,-0.0028167,-0.60099,-3.725,3.0187,-32.89,1.5138,18.177,0.7745,-15.334,-0.0025524,-0.018828,-0.002038,-1.0105,-0.0015775,0.0080998,0.0056436,0.72178,-2.8053,0.15724,-28.463,0.88308,14.508,0.20695,-13.247
45.8,0.0059534,0.0083809,-0.0024639,-0.99877,-0.0048324,0.002968,0.0062889,-0.251,-4.6003,-0.064727,-31.124,3.6428,17.544,0.80368,-15.283,0.0033489,-0.0052436,0.018322,-1.0017,-0.0049377,-0.00070433,-0.00011125,-1.2457,-3.0135,-1.5471,-27.917,0.84071,14.356,0.67044,-15.572
45.9,0.0011233,-0.0089331,-0.008068,-0.99029,0.0080663,-0.0017978,0.0016151,0.81114,-3.7078,0.46896,-29.726,2.0133,17.048,-1.431,-16.434,-0.012634,-0.0048989,0.0099354,-0.99906,-0.0036356,0.0036721,-0.0072055,-0.22576,-1.6022,-4.6212,-30.065,1.1107,14.161,1.5401,-14.111
46,-0.01314,-0.0067836,0.00022541,-1.0015,0.00084305,0.0014107,-0.0020758,2.0557,-5.0055,0.0035055,-31.198,-1.3779,18.736,0.81712,-16.905,-0.00052182,-0.014072,-0.018913,-0.98911,0.00028525,0.0010788,0.003345,-1.1114,-6.2547,-1.1103,-29.233,0.60135,17.142,1.7353,-13.345
46.1,0.0091678,-0.0088719,0.0062095,-1.0229,0.00091569,0.0031173,0.0030756,-0.78614,-3.6626,-0.31561,-31.007,2.0244,17.673,0.70221,-15.411,0.0025108,-0.0092062,-0.00019011,-1.0072,-0.0039978,0.00070907,-0.0055495,-1.0735,-4.1887,-1.3338,-30.702,-0.69323,15.297,-0.43343,-15.568
46.2,0.0028275,-0.00058017,0.00474,-1.0032,0.00020021,-0.0020271,-0.0040085,-2.1354,-4.29,0.15791,-30.427,1.8741,18.843,0.93008,-15.411,-0.019898,-0.008434,-0.012025,-1.0104,0.01188,0.0014133,-0.0043352,-0.45597,-2.5281,1.0028,-29.851,-2.9311,14.316,-1.4925,-13.344
46.3,0.0023706,-0.0017743,-0.0009548,-0.99061,-0.002513,-0.0079307,0.0036642,1.3037,-5.6793,-2.3679,-31.655,0.48681,18.505,1.5798,-16.596,0.0043088,-0.005763,0.005397,-1.0081,-3.8995e-05,0.0013822,0.0039116,-0.27875,-4.6155,0.16022,-30.194,-0.87674,14.048,0.43365,-13.115
46.4,0.012681,-0.0039909,-0.0057807,-1.0247,0.011263,-0.00069159,-0.0027688,0.5628,-4.7602,1.8949,-30.487,-1.9401,17.701,-0.063726,-15.431,-0.020275,-0.024736,0.022468,-0.99123,0.00018363,-0.0075366,-0.00023925,-1.7078,-2.0236,-2.5775,-30.66,1.0657,13.549,-0.39246,-16.704
46.5,0.00099446,-0.0061751,-0.014002,-1.0047,0.0030482,-0.0080366,-0.0010579,-0.011082,-3.2212,-0.13472,-30.012,-2.2178,17.7,1.3861,-16.682,0.0016064,0.0107,0.0068866,-1.0012,0.00054161,-0.0033097,0.012363,-0.082222,-1.926,0.35042,-30.092,1.088,17.179,-0.68125,-14.849
46.6,-0.0036798,-0.0050531,0.0028873,-1.0014,-0.010618,0.0015138,-0.0056537,0.81369,-4.8278,0.25236,-29.219,-0.37996,17.373,1.3948,-18.138,-0.0035424,0.0081561,-0.0037783,-0.99905,0.0049902,-0.0033987,-0.0035884,0.70798,-1.3681,-1.6443,-28.623,1.3095,16.458,-0.35505,-15.06
46.7,0.010658,3.6977e-05,0.00052908,-0.99517,0.0022072,-0.0018121,-0.0090142,0.93789,-5.6211,-1.6066,-29.957,0.77062,16.97,-0.48111,-15.704,-0.015022,-0.0087018,0.0035262,-1.0082,0.0016658,0.011825,0.0063997,-0.52233,-3.5499,-0.76368,-30.255,0.95637,15.502,0.24957,-14.135
46.8,-0.0097422,-0.0075973,0.011957,-1.0063,-0.0015711,0.0080657,-0.0059153,-0.31822,-3.303,-1.3038,-30.385,1.0108,17.812,1.937,-17.06,-0.0032305,-0.015565,0.00787,-1.0142,0.00165,0.0089851,0.0057037,1.157,-3.5786,-0.4813,-30.608,-3.2845,14.512,-2.0808,-15.062
46.9,0.012939,-0.013646,0.0065515,-1.0093,-0.00083823,0.0097569,-0.0060177,1.1599,-3.6799,1.4584,-32.429,-0.98238,17.236,0.86004,-17.68,-0.0066606,0.0095761,0.010141,-0.98853,0.0097527,0.0032404,-0.0013262,0.016287,-1.7877,0.88502,-29.764,0.70892,16.868,0.57125,-15.826
47,-0.007345,-0.012469,-0.010558,-0.98538,0.0050546,0.0046818,0.0065189,-0.49807,-3.9598,1.5151,-31.126,0.54356,17.29,0.3305,-15.901,0.005629,0.0071389,-0.0054285,-1.0187,-0.015017,-0.0048619,0.00049984,-0.79151,-3.1999,-0.85249,-29.448,0.2381,15.794,-0.9877,-16.618
47.1,0.01995,-0.020068,-0.00059334,-1.004,-0.003281,-0.0019337,-0.0011869,1.3726,-4.3682,0.73941,-29.64,-1.7782,15.906,-2.3147,-16.32,0.010161,0.0070396,-0.00080565,-0.99543,0.0046721,-0.0051664,-0.00054604,-1.2435,-5.5332,-1.5713,-30.028,0.2311,16.03,1.8672,-16.067
47.2,0.0040188,-0.011286,0.0076755,-1.0151,-0.0031689,-0.0042014,-0.0081484,0.8268,-2.2831,-0.11582,-31.755,1.1571,19.566,0.75053,-19.545,0.0034276,0.011747,0.0044866,-1.0003,0.009221,0.0036992,-0.0015711,-0.67963,-1.8441,0.4659,-30.045,0.20188,15.135,-1.1918,-12.795
47.3,0.00836,-0.0028255,-0.01405,-0.99822,-0.00020976,0.0016451,0.013656,-1.0955,-4.849,0.012307,-30.108,0.17348,18.656,1.6697,-16.654,-0.0076681,-0.010163,0.0068826,-1.0013,-0.0052615,-0.0025621,0.00051813,1.3874,-2.613,0.16973,-28.018,-0.88266,16.564,-0.74636,-13.329
47.4,-0.0079716,-0.0075782,-0.0066657,-1.0015,-0.00055835,-0.0029801,0.00036039,-1.6351,-4.8578,-0.27919,-31.06,0.31142,18.016,0.81189,-17.059,0.0014947,-0.0040354,-0.0010599,-0.99617,0.0047304,-0.0052945,0.0090427,2.2253,-4.102,-0.10337,-30.132,3.1008,14.062,0.33391,-14.776
47.5,-0.010273,-0.0029104,-0.015571,-1.013,0.0086636,0.0019899,0.010067,-0.33794,-4.8487,-0.21609,-31.257,-0.17378,19.317,-0.17867,-16.9,-0.003075,-0.014751,-0.0058786,-0.99645,-0.0010729,-0.0024091,0.0043838,-0.82312,-3.2086,0.42053,-29.02,0.63577,14.582,-0.32503,-15.308
47.6,0.0031069,8.8704e-05,0.012159,-0.99607,0.00047758,7.2874e-05,0.011086,2.3348,-4.515,-0.38721,-29.094,-1.0787,19.204,-0.94497,-15.714,-0.00028213,-0.0025731,0.0011425,-0.98235,0.0032293,0.0018385,0.0022545,0.26124,-4.1528,-1.6643,-30.173,-0.60693,16.754,0.10317,-13.961
47.7,0.0049433,-0.013794,0.0061164,-0.98532,-0.0025066,-0.00090295,-0.0040777,-0.3037,-4.8001,0.027989,-30.664,1.1136,15.331,-0.94785,-16.655,0.00011754,-0.0081205,-0.0045575,-1.0009,-0.005822,-0.0076867,0.001372,1.3438,-2.907,0.11224,-30.279,-0.54015,14.028,-1.6666,-13.792
47.8,-0.010007,0.0072908,-0.0067086,-1.0035,-0.0019638,-0.0010036,-0.0013723,-1.1768,-5.4401,0.29041,-32.008,0.78348,19.484,1.4265,-18.194,-0.0096375,-0.0059637,0.0066498,-1.0072,0.00056013,-0.0084043,0.0096413,-1.6082,-4.3607,1.1875,-29.545,0.019178,16.36,-0.52585,-13.804
47.9,0.01329,0.0043142,-0.0074519,-0.99419,-0.0021306,0.0050386,0.0057379,0.26281,-4.5661,-0.21075,-30.753,0.82004,19.079,1.3282,-18.219,-0.010874,0.016052,0.011431,-1.0028,0.0029372,0.0050406,0.0016085,-0.019118,-3.6029,-0.8058,-29.428,-0.029448,15.04,-0.30932,-13.166
48,-0.0038024,-0.012237,0.0032888,-1.0234,0.011669,0.004357,0.0035747,-0.0031763,-4.2367,0.65902,-33.007,-1.7401,17.729,-1.1546,-17.443,-0.015342,-0.0028948,-0.001124,-0.99469,-0.0017941,0.0099057,0.0027868,-1.3808,-2.0759,-2.1799,-29.26,0.24132,15.006,-0.13224,-13.039
48.1,0.0036768,0.0017733,0.0066835,-1.0007,0.0037855,0.00082474,-0.0062016,-0.75156,-4.2685,-2.5007,-32.972,-0.52807,17.142,-0.13503,-16.808,0.0033644,-0.010974,-0.0017219,-0.99952,-0.0050817,-1.0809e-05,-0.0021493,1.4128,-2.7982,-0.59601,-29.144,1.9217,15.902,-1.246,-12.235
48.2,0.013127,-0.0091875,-0.017331,-0.99874,-0.0074261,0.0027704,0.0017551,-2.0294,-6.1712,-1.0094,-33.214,1.1374,18.9,-0.15484,-16.026,0.0043705,0.009167,0.0096102,-1.002,-0.0033551,-0.001741,0.002426,0.30693,-3.2928,-1.8611,-31.942,-0.73525,15.066,-1.5518,-13.104
48.3,-0.019627,0.0050849,0.014726,-0.99094,0.0013467,-0.00055709,-0.0027837,0.72864,-3.5052,1.4054,-31.166,0.54629,18.444,-0.084623,-16.893,-0.0074446,-0.0011685,-0.0015495,-1.0111,0.00099318,0.0034795,-0.003957,0.52507,-3.2156,1.7397,-31.668,-1.2345,15.824,2.2846,-15.494
48.4,0.011781,-0.0086742,0.0083682,-0.99633,0.00072294,0.014617,0.011768,-0.32636,-4.7658,1.9449,-30.244,-0.77084,19.229,-1.9546,-18.084,-0.0075955,0.0056852,-0.0078733,-1.0154,-0.002736,0.015651,0.0027426,-1.3396,-3.069,1.1756,-29.094,0.29232,15.177,-0.59719,-14.174
48.5,-0.0080352,-0.0011675,-0.0096619,-1.0026,-0.0036982,0.0050056,0.005092,0.29141,-2.8738,-1.0158,-31.598,1.4722,16.442,-1.4682,-17.763,-0.0013284,-0.010194,-0.0050274,-1.022,-0.0031411,-0.0030034,0.0055454,-0.37144,-2.9579,0.36198,-31.969,-0.68506,15.05,-1.0082,-11.716
48.6,-0.0065798,-0.0051933,0.0002799,-0.99115,0.0077488,-0.0097576,0.0025508,0.17529,-5.6345,-0.3633,-32.991,0.56941,19.679,0.28958,-16.368,0.008565,-0.0039536,-0.012816,-0.99644,0.0078193,-0.00015451,-0.0044465,0.40432,-3.3746,-1.7158,-30.145,0.29126,16.427,1.5758,-14.957
48.7,-0.01118,0.0076669,-0.0086958,-1.004,-0.011668,0.0013968,0.0070351,0.52591,-5.1364,0.019709,-30.628,0.46204,17.437,-0.48817,-16.204,-0.0036125,-0.0010103,0.0084729,-0.99541,-0.0073162,0.011639,0.0026139,1.6999,-2.4513,-0.59538,-30.673,-0.96128,15.142,-0.61997,-12.548
48.8,0.01645,-0.017094,-0.00018632,-0.99658,-0.003276,-0.00025363,0.0041321,2.4193,-5.7488,1.1361,-34.14,1.1141,18.371,-0.026034,-16.995,5.2273e-05,0.0028415,0.030477,-0.99886,-0.00040127,-0.0029711,0.0038546,0.35293,-1.9079,0.65468,-29.534,-1.2186,15.055,-1.2168,-14.696
48.9,-0.0013495,-0.0038429,0.011734,-0.99203,0.0080613,0.0020122,-0.0014024,1.474,-3.9517,0.45293,-31.5,0.24762,18.565,-0.98044,-18.197,-0.0024306,0.0067934,-0.0039775,-0.99228,-0.0021417,0.0081687,0.0026727,1.0302,-2.1181,0.51266,-30.863,1.6565,13.253,1.185,-12.449
49,0.0043717,-0.0015901,-0.010938,-0.99825,-0.005579,-0.003478,0.0048567,-0.090474,-3.5628,-0.23461,-32.553,0.39802,17.348,-0.70287,-19.154,-0.0033461,-0.0078802,-0.0012751,-0.99169,0.00046561,-0.0045661,0.0030134,0.013379,-3.6289,0.085109,-30.49,2.1636,15.836,0.5622,-12.927
49.1,0.0014048,0.004881,-0.013313,-0.9921,0.00081601,-0.0011072,0.0086534,0.10783,-3.1514,-1.0139,-33.44,1.6802,16.141,0.77916,-16.035,0.014056,-0.00033252,0.0013897,-0.99485,-2.8728e-05,-0.0060555,-0.0028496,1.2477,-2.5097,-0.70097,-29.42,1.1353,15.095,-1.7784,-13.091
49.2,0.0061134,0.00747,0.0060587,-0.99978,0.0023998,-0.0029253,-0.0051972,0.075705,-5.6849,-0.34847,-31.106,-0.65675,17.588,1.2116,-16.265,0.0090136,-0.0028121,-0.0081158,-0.99846,-0.0013878,0.0040529,0.00099463,0.53978,0.0041798,0.045361,-30.05,-0.23071,15.741,0.82361,-14.101
49.3,0.02722,-0.0076107,0.011593,-0.98899,0.0058829,-0.0024231,0.0011317,0.92841,-5.2867,-1.7905,-32.594,-1.0636,18.471,1.9011,-16.619,0.0052533,0.00065662,-0.0083372,-1.003,-0.0057719,-0.0055552,-0.0032656,0.043242,-1.5009,1.8645,-30.804,0.60784,13.641,-0.022362,-13.396
49.4,0.0017142,0.019931,0.016806,-1.0168,-0.0016232,-0.0049071,-0.0020558,0.64249,-4.0974,-1.8659,-31.046,-1.7226,18.151,-1.3365,-16.755,-0.00862,-0.0045194,0.0026801,-0.99575,0.0014939,-0.0035609,-0.0003506,-0.20683,-1.4874,0.71584,-28.843,-0.91694,14.611,0.91514,-13.199
49.5,0.00083896,-0.0010539,-0.010417,-1.0098,-0.0054155,-0.0044992,-0.011007,0.52121,-3.7655,2.3835,-30.12,-2.1299,17.652,2.155,-16.634,0.0060176,-0.014542,-0.0022632,-0.99833,0.0012548,-0.0062268,0.0072714,-0.1946,-1.606,0.23563,-29.44,0.61188,14.902,1.5714,-13.316
49.6,-0.0046676,0.0028035,-0.024805,-0.99571,0.002052,0.0030235,-0.00036442,-0.35862,-4.059,0.7903,-31.266,-0.52216,17.748,0.79507,-15.492,-0.0010777,0.0024715,-0.0021578,-1.0179,0.0071751,0.005645,-0.0006841,-1.7639,-2.7843,-0.89478,-30.872,-0.37076,14.566,2.5474,-11.644
49.7,0.00029005,0.009833,0.0019715,-1.006,-0.0032316,-0.0014344,0.0087488,-1.9385,-4.657,-2.1335,-32.293,0.92328,19.388,0.53554,-15.63,0.023338,-0.0034841,0.0090174,-0.99775,0.00062274,-0.010876,0.0054417,-0.038512,-2.1987,0.32666,-30.048,-1.6857,14.842,0.51124,-12.945
49.8,0.00090456,-0.019328,-0.004813,-1.0015,-0.0028183,-0.00029908,0.0072544,0.080296,-5.0001,2.203,-33.81,-1.5795,17.549,-2.2503,-15.82,0.0014392,-0.0022848,0.016894,-1.0228,-0.0019614,0.0011447,-0.0045117,-0.080047,-3.8792,1.0126,-29.901,-1.1547,15.987,-1.7792,-12.539
49.9,-0.0095673,0.015795,0.017678,-1.0005,0.0052985,-0.00105,0.005688,1.0805,-3.1672,1.2971,-32.473,-1.1729,19.336,-1.6419,-17.521,-0.0065549,-0.010863,-0.0042246,-0.99479,0.00015689,0.0048737,0.0016815,0.97961,-2.8156,0.13977,-28.72,2.0708,14.514,-1.2779,-11.49
50,0.010433,-0.023806,-0.0025571,-0.99292,-0.0034447,0.00091317,-0.00023708,-0.50086,-4.8241,-0.63501,-31.607,-0.46601,18.455,-1.9945,-16.997,0.013079,0.0051568,0.0068876,-1.0023,-0.0010589,0.0037044,0.00091354,0.87912,-1.333,-1.2382,-30.669,1.7881,17.08,-0.38823,-11.787
50.1,0.0050856,0.011781,0.018442,-1.0056,-0.0018603,0.0097053,-0.0094911,-1.1272,-6.2273,0.418,-33.611,-0.19709,17.091,-0.85875,-15.401,0.0078859,-0.007281,0.016043,-0.98783,-0.0041917,0.0016505,7.362e-05,-2.6044,-2.1884,-0.3788,-30.14,1.638,15.334,1.8823,-14.644
50.2,0.007286,-0.0011497,-0.013936,-0.99816,-0.0046559,-0.0058566,-0.0050451,0.95492,-4.5612,-0.39243,-31.92,1.0917,20.127,-0.45044,-17.522,-0.0085022,-0.0064551,-0.0075822,-0.99092,0.0038438,0.0029296,0.010303,-0.79225,-3.8226,-0.82713,-30.732,-1.2128,15.16,-0.077375,-11.809
50.3,0.014499,-0.0029916,-0.0038021,-0.98116,0.0090423,0.0018127,0.003647,-1.0292,-4.3079,1.2499,-32.475,-0.49554,16.577,-1.4293,-16.646,0.0047113,0.013099,-0.001942,-1.0178,-0.0026744,0.00028684,-0.002731,0.68887,-1.3191,0.50206,-31.608,-2.0819,14.712,0.076754,-14.176
50.4,0.0080013,-0.008079,-0.0025749,-1.0042,0.0092637,-0.0081907,-0.0026519,1.7638,-4.4667,-0.54681,-33.239,-0.88276,19.15,-0.404,-18.158,-0.019666,0.0045187,0.019656,-0.98146,0.002999,-0.0060797,-0.0016941,-1.48,-3.6567,1.9652,-30.74,-0.47922,15.097,-0.040529,-12.766
50.5,-0.021489,0.00058592,0.0031477,-0.99826,0.011805,0.004751,-0.0016249,-0.10007,-2.5694,-0.024356,-32.345,1.4967,17.039,-0.7789,-17.407,-0.011592,-0.0030438,0.0036366,-0.9846,0.0066538,-0.0019713,-0.01215,-0.16396,-1.5645,-1.6964,-32.652,0.18824,14.629,-1.1991,-12.425
50.6,-0.0060877,-0.0085127,0.014896,-1.0041,-0.0017059,-0.0051865,0.0029101,0.26261,-3.1749,-1.1567,-31.192,0.40439,18.279,0.7974,-15.308,0.0080885,0.003446,0.0060306,-0.99982,0.007905,0.0040661,-0.0029269,1.5426,-4.1898,-0.94042,-29.477,-0.23085,15.549,1.7264,-14.144
50.7,0.002854,0.0047218,0.0021863,-0.99714,-0.0034563,0.00056372,-0.0014301,0.37811,-5.2156,0.16186,-32.472,1.7237,16.323,0.2088,-16.492,-0.0019049,-0.0037429,0.0062434,-1.0056,0.0030744,0.0027232,-0.002377,1.1958,-4.344,-2.2743,-30.437,0.1819,13.451,0.26884,-14.145
50.8,0.006723,0.0089876,-0.010282,-0.99584,-0.0049334,0.0084127,-0.011979,-0.47276,-2.7659,-0.86579,-31.809,2.1056,18.09,0.69823,-14.574,-0.0075322,0.0086185,0.00027286,-1.0019,-0.0017811,0.004738,5.0107e-05,0.51297,-1.3187,0.5908,-30.295,-0.074619,14.724,-2.9632,-10.871
50.9,-0.0019684,-0.0032542,-0.014541,-0.98099,-0.0035399,-0.0058662,0.0019443,0.066346,-3.2568,-0.052372,-31.977,1.6899,18.009,0.97803,-17.79,-0.0077004,-0.017167,0.006886,-1.0077,-0.0045491,-0.0047738,0.0070742,2.8317,-2.7346,-0.036584,-31.054,0.32126,15.809,-0.58381,-12.211
51,0.00012879,-0.0036446,0.021778,-1.0052,-0.001355,0.0033962,0.0047154,0.60637,-4.2921,1.8427,-33.932,0.30803,16.445,0.63236,-16.615,0.011059,0.019658,-0.0030606,-1.016,-0.0075159,0.00093765,0.0022636,-0.5632,-1.7676,0.027271,-31.69,1.8107,15.17,-1.0377,-12.549
51.1,-0.0076165,0.016794,-0.0019328,-0.99984,-0.0061765,-0.0015972,-0.00084855,1.073,-4.1512,0.90243,-30.875,0.4798,18.021,-1.7864,-16.932,0.0041589,-0.016144,-0.0058387,-0.98207,0.00045766,-0.0021748,0.0030459,-1.419,-1.8264,-1.1217,-31.32,0.5966,13.804,0.82838,-12.753
51.2,-0.008866,0.0026176,-0.0015514,-1.0084,0.00164,0.00077072,-0.00053844,-1.6476,-4.8512,-0.33551,-34.396,-1.0521,18.793,2.4741,-16.272,0.014521,-0.0022212,0.003733,-0.99992,0.0018529,-0.0062397,0.00043757,-0.11057,-3.9632,-2.7725,-31.445,0.87516,14.778,1.1285,-13.104
51.3,0.0064525,0.0063755,-0.010324,-1.0004,-0.00011221,0.00079032,0.0045878,-0.59621,-4.1833,-1.1918,-33.048,2.7219,19.055,0.44015,-18.13,-0.0085609,-0.014941,0.01952,-1.0023,-0.0019154,-0.0086258,0.002193,1.2558,-3.1545,-0.2921,-30.899,0.48808,15.711,-1.3394,-13.842
51.4,0.01636,-0.0046461,-0.0048253,-1.0077,-6.5871e-05,0.00055324,-0.0027234,-0.68421,-4.3086,-0.92213,-32.904,-0.19448,17.898,-1.3475,-15.985,0.012308,-0.019078,-0.00052652,-1.0182,0.00063503,-0.0011467,0.0016038,1.6519,-3.8479,-0.56394,-31.731,0.24146,13.702,-2.2117,-16.16
51.5,0.0044643,0.01441,0.020276,-0.99394,0.0034087,0.010776,-0.011774,-0.46504,-3.7293,2.1518,-30.203,0.61635,16.9,0.47039,-17.021,-0.0096902,0.0029932,0.0069549,-0.97985,-0.0051867,-0.0070385,0.0040666,0.70922,-2.4504,0.94905,-30.173,-0.69588,13.586,0.0015519,-13.766
51.6,-0.005041,0.0033909,-0.0036524,-0.99197,0.0022987,0.0029995,0.0017022,0.66487,-4.8503,-1.9829,-35.085,-0.21324,18.708,1.561,-16.162,0.017261,-0.024461,-0.0068501,-0.99937,-0.00092331,0.0034326,0.0088055,-1.4751,-1.6646,-0.10395,-30.659,0.70679,15.35,0.81244,-12.626
51.7,0.010718,0.014642,-0.010378,-1.0022,0.0081771,0.00067407,0.00034441,0.46381,-3.5016,-0.80042,-33.384,-0.052411,17.815,1.5764,-16.703,-0.0028121,-0.0023267,-0.0040837,-0.99817,0.00089089,-0.0010004,-0.0024658,-1.7647,-1.7622,-0.036787,-31.375,-0.59937,17.045,0.8977,-11.426
51.8,-0.0056296,0.018432,0.0058443,-0.99524,-0.0025783,-0.0063415,-0.0019166,-1.0805,-5.1923,-2.0413,-32.492,0.30113,17.203,1.0662,-17.827,-0.0040451,-0.013177,0.017754,-1.0024,-0.0027051,0.00034734,0.003486,-1.8541,-2.5713,-1.1079,-32.654,0.7614,15.736,0.84467,-15.506
51.9,-0.0045909,-0.00011303,-0.013101,-1.0142,0.0036585,0.0030975,-0.0024695,-2.9205,-3.8113,-1.6306,-31.765,1.3454,18.775,-0.50566,-16.238,-0.011348,-0.0083614,0.0022297,-1.0036,-0.0022362,0.0037006,0.0050369,-0.71494,-2.6387,-0.45267,-28.355,0.64142,16.027,0.23434,-12.538
52,-0.0063534,0.0019129,-0.014835,-1,0.0033281,0.0021997,-0.0082089,1.4106,-4.8851,1.4552,-33.62,0.056703,20.148,-1.9281,-15.479,0.00017895,0.014881,-0.00024261,-0.98741,0.00090937,-0.00090747,-0.0095525,1.0669,-2.3344,1.0527,-31.953,0.6809,16.141,-0.4467,-12.49
52.1,-0.0027329,-0.0049537,0.0049791,-0.99074,0.0052478,-0.0066247,-0.0017057,0.27617,-6.3513,0.38095,-32.75,-0.027405,18.368,-0.89804,-18.116,0.011569,-0.003832,-0.017791,-1.0042,-0.001189,-0.002016,-0.0040276,0.39708,-0.65973,2.2563,-29.769,1.2169,15.75,0.48382,-13.589
52.2,-0.0083552,0.013908,0.0036374,-1.0166,0.00053557,-0.0046914,0.0051286,0.63332,-5.2006,0.11752,-32.972,-0.22356,17.595,-2.4587,-18.269,-0.0012549,0.0059077,-0.02592,-1.004,-0.0050469,0.00076541,0.0024663,-0.37983,-3.1242,0.99038,-32.223,0.15354,15.572,1.0733,-13.165
52.3,-0.017786,-0.00094325,-0.026941,-1.009,-0.0088451,-0.00057475,-0.00030598,-1.1705,-3.7424,-1.6883,-32.678,-0.30528,20.052,0.3934,-16.67,0.0069408,-0.0014027,0.0096176,-1.0012,-0.0043557,-0.00048891,-0.011397,-3.0346,-0.83998,-1.7899,-29.687,2.1597,14.587,1.706,-11.831
52.4,-0.0017793,-0.0093112,-0.0046911,-0.99858,0.007016,0.0091866,-0.0023099,-0.9414,-4.277,-1.6979,-34.312,-0.0080149,18.59,0.41436,-17.12,-0.0039599,0.011599,-0.0079907,-0.9951,-0.0012316,0.0014383,0.0026597,-0.17133,-1.7445,-0.303,-31.841,-0.71828,16.064,0.15489,-12.062
52.5,0.008659,0.0059395,0.0091834,-1.002,0.0013992,0.010671,-0.0011806,-0.64549,-3.3346,-1.0553,-33.473,-0.99591,19.475,0.64953,-17.985,-0.006734,0.0091096,-0.014007,-0.99067,-0.0023146,0.0073172,0.0022471,1.2712,-1.6992,0.8443,-32.423,-0.89572,14.019,-1.6008,-12.85
52.6,0.012679,-0.011423,-0.0040287,-1.0121,0.0039888,0.0030132,0.0042255,1.0741,-5.5682,1.2983,-33.102,0.19709,17.948,0.61633,-15.153,0.0063061,-0.010896,-0.017095,-1.0218,0.00306,0.0091185,-0.0020534,0.02844,-3.5773,0.34358,-31.099,0.061935,14.429,0.0066171,-12.16
52.7,0.003437,0.0044102,-0.002554,-0.99353,0.0063669,-0.010411,0.0013103,0.1977,-5.0623,-0.94395,-33.805,-0.47573,19.657,-0.8406,-16.869,-0.018009,0.011675,-0.0069787,-1.0138,-0.00052147,-0.0078873,-0.013313,-0.26962,-2.7405,-0.66345,-30.046,0.47805,16.499,0.62125,-12.63
52.8,-0.010251,0.0086173,-0.010322,-1.0198,-0.0034191,-0.00011569,0.0017008,0.25893,-4.9247,1.668,-32.504,1.4151,17.406,-3.2768,-17.902,9.3416e-05,-0.0010211,0.0030842,-1.0097,-0.0020069,-0.0043728,-0.0025592,0.21281,-1.7447,-2.3461,-31.028,-0.098809,15.398,-0.88824,-13.344
52.9,0.0047986,-0.015776,0.014164,-0.99765,-0.0037391,-0.0078482,0.00065123,0.90845,-3.8094,0.80266,-33.417,1.445,20.491,-0.56083,-16.55,-0.002602,0.011096,0.0043851,-1.01,-0.0025095,0.0033622,1.9438e-05,0.62658,-2.4681,0.13618,-29.763,0.51835,14.184,-0.29743,-11.457
53,-0.0031972,-0.0083461,0.0043558,-1.0076,0.0042634,0.0013849,0.0050736,0.48735,-4.4728,-2.0732,-34.114,2.565,17.907,1.5009,-18.13,-0.012911,-0.017837,0.016439,-1.0156,0.0023511,-0.0022153,-0.0046169,2.3078,-2.7994,0.74395,-31.605,-0.81275,14.483,0.30839,-13.031
53.1,-0.0096958,-0.0086925,-0.0025854,-1.0121,-0.001149,-0.00018666,-2.6858e-05,-0.45386,-5.3784,-0.31174,-33.308,0.85501,20.402,0.48451,-17.912,-0.016528,0.00064122,0.00041481,-1.0025,-0.0027333,0.0056335,-0.002593,-0.00073294,-1.1985,-1.2496,-30.221,-0.67392,14.873,-0.4369,-13.445
53.2,-0.006664,-0.0062523,-0.0033105,-1.0061,-0.01087,0.0043083,-0.0013779,0.37292,-4.133,-1.0557,-36.557,-0.58193,19.827,-2.0572,-17.061,0.014732,-0.005757,-0.0078133,-0.99966,-0.0060468,-0.0011774,0.010824,-0.75727,-1.6094,-2.0337,-32.399,0.57987,15.653,0.65206,-11.625
53.3,5.4613e-05,0.012978,0.0111,-0.97777,0.00095536,0.0022117,-0.0019923,0.14236,-3.1592,-0.2184,-33.626,-0.17229,21.725,0.97574,-16.668,-0.020988,-0.020605,-0.0033712,-1.0105,0.0019432,0.001877,-0.0092079,1.6431,-3.365,-0.56786,-30.351,2.6403,16.472,-1.3776,-14.588
53.4,0.012806,-0.0011987,0.01917,-0.98767,-0.0042238,0.0066,0.0056971,-0.36369,-4.7568,-0.29685,-35.139,-0.87409,18.818,-0.077467,-18.465,0.0038167,-0.0036356,0.0068153,-1.002,-0.0041699,-0.0078871,-0.0031665,1.3811,-2.8037,1.2342,-32.086,0.15824,14.181,-2.5767,-13.891
53.5,0.0028824,-0.0010999,-0.016769,-1.0086,0.0029424,0.0032148,-0.0026481,-1.0845,-5.7159,-0.86583,-33.582,1.8076,19.934,1.5376,-15.945,0.021361,-0.0065545,0.0091497,-1.0023,0.0018937,-0.0079345,0.0053371,-0.59638,-2.024,1.3307,-32.367,0.41958,15.42,1.3665,-13.52
53.6,-0.00037256,0.013154,-0.00088325,-0.98313,-0.0045921,-0.00081756,0.0044333,-1.3627,-3.8702,-1.0362,-35.013,0.55931,19.184,2.0968,-18.194,0.010899,-0.0053427,-0.0014462,-0.99351,0.014084,0.0055186,-0.0034313,0.27866,-2.7463,-0.6731,-33.334,-1.0176,15.918,1.6514,-13.236
53.7,0.00065001,0.0051043,-0.00081442,-1.0004,0.0023653,0.008232,0.001101,1.532,-3.0029,0.17543,-33.882,0.48237,21.229,-0.21217,-16.389,-0.0014624,-0.0025292,-0.014962,-1.0214,-0.0044626,0.0011483,0.0044596,-0.51038,-1.2265,0.40665,-31.488,0.52551,15.292,-1.5383,-11.376
53.8,0.02179,0.010876,-0.0028194,-0.99445,-0.0011089,-0.0055248,0.0067366,2.092,-4.5373,-0.17761,-32.327,-0.62065,18.322,0.89418,-17.498,0.019328,0.0075591,0.0016142,-0.99905,0.0074901,0.00038593,7.0863e-05,1.3538,-2.9834,-1.3751,-32.302,-1.0936,17.174,-0.46473,-14.527
53.9,-0.014625,-0.0078403,0.0051753,-1.0081,0.0092656,0.006378,-0.0013791,1.9564,-5.5051,0.20663,-34.107,0.89922,19.219,-0.80596,-17.156,0.0037511,-0.01066,-0.0070856,-0.99498,-0.00066749,0.0077366,0.0045587,0.23446,-1.3919,1.8171,-32.313,-0.9182,15.636,-0.79197,-13.124
54,0.0081085,-0.0027241,-0.014049,-1.0008,0.0028043,-0.00057343,-0.012007,0.58624,-2.6611,-0.87064,-33.428,1.5727,19.158,0.88676,-17.316,0.0059959,0.010848,-0.010903,-0.99368,0.0029883,-0.012332,-0.0019764,-1.422,-1.7039,-1.4206,-33.722,-0.23989,16.004,0.20651,-13.48
54.1,0.0025414,0.0056821,0.0069858,-1.0009,-0.0027939,0.0030222,-0.0021719,1.1285,-3.8806,-1.1033,-32.862,0.60314,18.36,-0.90846,-15.936,-0.00024516,0.0054385,-0.0067621,-0.99977,0.0024886,0.0019908,-0.0016412,-0.091529,-4.0044,-1.325,-31.416,0.069369,15.202,1.4436,-9.3297
54.2,-0.0161,-0.013572,0.013862,-1.0088,0.0014639,-0.006994,-0.0018153,-0.093156,-4.2668,-2.2004,-34.041,0.36421,22.567,-0.37944,-16.844,-0.015568,0.00088597,0.012151,-0.98428,0.0047823,0.0096852,0.0039794,0.67613,-3.3188,-0.48276,-32.147,-1.2451,16.263,0.26674,-11.74
54.3,-0.009519,0.018168,0.0051931,-0.99181,0.0042679,0.0032832,0.00064231,-0.039745,-4.4389,-0.098501,-34.218,0.47219,20.134,-1.6301,-17.414,-0.020239,0.020434,0.00089338,-1.009,-0.0042213,-0.001198,-0.0072789,0.0057318,-1.7471,-0.046974,-32.783,-0.52161,15.541,-0.0060271,-13.343
54.4,0.0038359,0.010121,-0.00534,-1.0012,-0.0030507,0.0014033,0.0018069,-1.3543,-3.762,1.0679,-33.483,0.73311,18.524,0.52093,-18.22,-0.0013662,-0.0036552,-0.013483,-0.9976,0.00043477,-0.011832,0.005357,-1.7062,-1.8546,1.1921,-31.46,-1.6444,17.367,0.65337,-14.63
54.5,-0.00053824,-0.0023212,-0.00053555,-0.99359,-0.0089923,-0.0076304,-0.0031975,-0.49808,-3.8057,0.0020976,-31.675,-0.076372,19.523,-0.34724,-16.5,-0.0015904,0.012443,0.0056998,-0.99428,-0.0044675,0.0087215,-0.0037777,-3.5219,-1.6667,0.15987,-32.186,-0.48163,15.111,0.092008,-14.169
54.6,-0.0063182,-0.0064059,0.0053184,-0.98155,-0.00099833,0.0047594,0.0046935,0.12762,-4.967,-1.1305,-33.25,1.283,18.008,0.69615,-17.709,0.014452,0.0047233,0.0079792,-0.99049,-0.0082154,-0.0055286,-0.0034567,0.40261,-0.79733,-0.67182,-34.129,0.037971,15.019,0.29389,-12.719
54.7,-0.018092,-0.0041267,-0.011135,-0.98292,-0.0048322,0.002038,0.0028176,0.39145,-3.5254,-1.6337,-35.129,-0.58507,18.956,-0.33702,-16.448,0.0086406,0.014458,0.0030981,-0.99125,-0.0093785,0.0041821,-0.0030104,1.5032,-1.5918,-0.46726,-28.797,-1.1474,14.022,-1.6568,-11.325
54.8,-0.018531,0.010868,0.0061935,-0.98639,-0.0029755,0.0012417,-0.0029766,0.20842,-5.2526,-0.73918,-33.207,0.56716,18.532,-2.0948,-16.615,0.00031793,0.018081,-0.017129,-1.004,-0.0032086,0.0037796,0.0045503,0.63361,-2.0238,1.1875,-32.484,-2.2579,15.471,-1.0823,-13.768
54.9,0.023084,0.00014813,-0.010145,-1.0018,-0.010349,0.00016463,-0.0071112,-1.3005,-5.6921,1.0535,-33.847,-1.7019,19.685,-1.193,-17.989,-0.0017219,0.017898,0.0021162,-0.99371,0.0060768,0.0074356,-0.0043661,-0.46839,-2.1157,-0.031971,-31.756,-1.5432,14.91,0.71167,-12.619
55,-0.0031512,0.015798,-0.026127,-0.99928,0.0021187,-0.0044759,-0.0049244,-2.5682,-5.2638,-0.97163,-34.246,2.5841,18.795,1.1803,-17.037,0.023077,-0.0079184,-0.018127,-1.0133,0.0032144,0.007019,0.0038529,-0.70237,-2.3197,0.19977,-33.192,-0.21263,13.903,0.61431,-11.341
55.1,0.0014226,-0.0028453,-0.002451,-0.98692,0.0022561,0.0094457,-0.0039186,-0.91017,-3.9365,-2.3246,-33.961,1.2274,18.738,2.5769,-16.68,0.0095753,0.0022741,-0.0037654,-1.012,0.00098042,-0.0022264,0.0013276,-0.65974,-2.1298,0.081859,-33.331,0.2018,15.275,0.22668,-12.072
55.2,0.0063425,0.011769,-0.011828,-1.0019,0.0015088,0.0015406,0.00066567,1.2672,-4.0071,-0.43916,-33.152,-0.44534,17.426,0.35528,-17.642,-0.003978,-0.009737,-0.0090419,-1.0003,0.010842,-0.00093437,-0.0072915,0.36955,-1.2546,-0.64501,-31.746,-1.4056,14.487,0.11383,-12.223
55.3,0.011624,-0.0042745,0.018938,-0.99466,0.0010794,-0.0033737,0.0066138,0.9814,-3.104,-0.13079,-34.904,0.62749,18.902,-1.8573,-17.093,-0.0022416,0.014201,-0.010634,-1.0188,0.00018998,0.0018597,-0.0030004,1.2432,-1.9391,1.3304,-34.736,-0.008222,14.894,-3.9042,-13.921
55.4,0.0079738,-0.0021395,-0.006835,-1.0056,-0.0095845,0.0019188,-0.00056179,2.6756,-6.5084,-0.36568,-35.069,1.1807,16.998,-0.48712,-17.543,-0.0088627,0.00030901,0.0044165,-1.0051,-0.0064307,0.0060627,0.0074607,-0.014844,-0.56912,0.19835,-33.586,0.65802,14.288,1.3055,-11.735
55.5,-0.0026534,0.013303,-0.0050526,-1.0117,-0.0086199,-0.011459,-0.0043577,-0.75154,-3.3343,-0.20259,-33.659,0.44448,18.08,-1.7742,-18.791,-0.0093869,-0.0052743,0.0047139,-0.99137,0.0052227,0.0037704,0.00060877,-0.56549,-1.6413,-2.0643,-30.541,0.15289,14.606,-0.87933,-14.14
55.6,-0.026265,-0.010709,0.01459,-1.0027,-0.0076758,0.0027577,-0.0039323,-2.5141,-3.3173,-1.1336,-33.631,0.998,19.166,0.099551,-15.676,-0.0022884,0.013988,0.0075923,-1.0043,0.0037728,-0.0036326,-0.00015986,-0.19571,-1.1727,-1.6247,-33.029,1.0127,15.259,2.0897,-13.369
55.7,0.01228,-0.0036833,-0.0041119,-0.9861,-0.00026226,0.0070083,0.0014119,-1.2698,-4.0731,-1.4382,-34.768,-1.0625,21.045,0.85917,-17.953,-0.0086383,-0.010159,-0.00089408,-1.0073,0.013319,-0.00063153,-0.0043452,-0.84224,-3.838,-0.87921,-34.759,0.27998,13.719,-1.7899,-12.98
55.8,0.0076081,0.006333,-0.00029925,-1.0039,0.0090454,-0.0039851,0.010124,-1.0267,-1.0798,0.055278,-33.587,-0.93251,18.25,1.0415,-18.333,0.022179,0.0012088,0.01146,-0.98269,-0.0082972,0.0083331,-0.006917,-0.57721,-1.6778,-0.77507,-32.707,0.94638,16.213,-1.7472,-12.598
55.9,-0.017358,-0.0027563,0.0070957,-0.99909,0.0094057,-0.0044249,-0.0079284,-0.20115,-4.9134,0.73863,-35.476,-1.4237,19.559,-0.26598,-16.987,-0.012961,0.0015957,-0.012334,-1.0054,-0.0019947,-0.00084941,-0.0059302,-1.0182,-0.0070049,1.6067,-31.948,0.42512,16.164,-0.18497,-11.757
56,-0.013728,0.015689,0.012563,-0.99585,0.0012847,-0.00060728,-0.00289,3.3787,-3.8678,-0.24266,-34.18,-0.81053,18.01,1.5164,-16.515,-0.0047078,-0.0040377,0.011996,-1.003,-0.008313,3.7333e-05,-0.0050794,-0.34839,-2.9878,1.1739,-32.73,1.4676,15.015,0.20068,-13.365
56.1,0.006877,-0.012663,-0.0064392,-0.99703,-0.0051652,0.0046728,0.0014364,0.40094,-3.5769,-1.0253,-33.604,0.22681,20.436,-1.0816,-18.206,0.02715,-0.0045243,0.0034225,-0.99633,-0.0010477,0.005812,0.00065956,-2.0023,-3.5387,-1.578,-33.224,1.2595,14.466,0.42752,-13.169
56.2,-0.0081014,0.0064716,-0.0020792,-1.0105,-0.0018232,0.005403,0.0012298,-0.31463,-2.4711,-1.4416,-34.904,0.22629,19.452,0.55673,-16.567,0.0082404,0.011483,-0.0052024,-0.99822,0.00021116,0.000553,-0.0014774,0.69777,-1.0867,-2.5246,-31.935,-0.61201,14.946,-1.7043,-13.065
56.3,0.002414,0.00021521,0.010543,-1.0008,0.00038957,-0.0013847,0.0013183,-0.56206,-3.1211,2.2143,-34.607,-0.33302,18.507,-0.21535,-15.595,-0.0073563,-0.0083632,0.0012237,-1.0051,-0.0061102,-0.0035338,-0.0041225,-0.40617,-3.0453,0.61022,-34.929,-0.36785,16.444,0.88773,-13.189
56.4,-0.010379,-0.010708,0.015601,-1.0011,0.0017728,-0.0027455,-0.012512,-0.22682,-2.4586,0.56574,-34.436,-1.4264,18.538,-2.8252,-17.15,-0.0022117,0.0020615,-0.022544,-0.99937,-0.0014189,-0.0050893,0.0041966,1.0862,-2.0424,0.32121,-33.074,-0.20301,15.414,-1.8626,-13.872
56.5,0.0027085,-0.022792,0.022685,-1.0101,0.0067326,-0.0041789,0.0093337,-1.5629,-4.4893,0.15209,-34.631,-1.087,18.056,-0.076836,-17.194,0.0017446,-0.0019467,-0.0093057,-1.0058,0.00054657,0.0063624,0.002942,-0.61514,-1.9969,0.74629,-32.278,-0.68567,13.949,-0.34012,-13.196
56.6,0.0051604,0.0076908,-0.017673,-1.0064,0.0071632,-0.0059877,-0.00082062,-1.2156,-3.6798,-0.47921,-35.417,2.4803,21.265,1.4199,-16.209,0.0095026,-0.0053715,-0.0067494,-1.0138,-0.0013751,-0.0081341,0.0098768,-1.3802,-2.8333,0.39513,-33.469,1.9527,15.054,2.579,-14.173
56.7,-8.0751e-05,-0.0096585,-0.01407,-0.99123,-0.011187,-0.0056393,0.0013639,1.4905,-5.0734,-0.94762,-37.112,-0.99191,20.227,-0.34194,-17.769,0.0034834,-0.0096318,-0.0008062,-0.99337,0.0019773,0.0011327,-0.0057883,-0.43025,-2.4504,-1.6049,-34.861,1.9711,17.103,-1.0659,-12.876
56.8,0.0010001,-0.0084033,-0.0088978,-0.98997,0.0017131,-0.0075689,-0.012767,-0.51469,-3.2032,0.6423,-36.611,-0.90215,19.82,-1.3124,-16.897,0.00071544,-0.0057411,-0.0035718,-0.9886,0.0015587,0.000987,0.0001545,0.66367,-2.2119,-0.81608,-34.13,-0.93453,16.386,-2.4728,-12.16
56.9,0.0045813,0.0087698,0.0033039,-1.019,-0.0042828,0.0074457,-0.0011138,-0.24049,-5.4926,-1.2137,-35.806,-1.3971,19.084,-0.21818,-18.04,0.0088278,-0.0089447,-0.012179,-1.0041,0.0019881,-0.0025942,-0.0083679,1.4277,-0.74092,0.2042,-31.904,-1.9476,17.069,0.85841,-14.363
57,0.014241,0.0099368,0.0090284,-1.0107,-0.01297,0.0062726,-0.0022119,1.1973,-3.4487,0.18385,-36.148,1.8225,20.001,-1.0822,-17.094,0.00554,0.012117,-0.026093,-1.0102,0.0043989,0.0065898,0.00041808,0.53426,-3.9792,0.90471,-32.62,-0.4226,16.813,-0.91492,-12.577
57.1,-0.017202,-0.00033759,-0.0074365,-1.0056,0.002926,0.0055833,0.0024874,-0.60845,-3.339,-0.84337,-35.468,-1.054,18.764,2.0037,-16.893,-0.00059492,-0.0079334,0.0016375,-1.0019,0.0067481,-0.0038772,0.0028688,1.8452,-1.4886,-1.6277,-33.159,2.0132,16.042,-1.9964,-14.369
57.2,-0.011019,0.0053542,-0.011072,-1.0102,0.00072879,0.0014295,0.0058624,1.6271,-5.7916,-2.1814,-36.343,2.0355,18.227,-0.64259,-16.861,-0.012503,-0.012623,0.010409,-1.005,0.0066245,0.0016399,-0.008559,-1.3216,-1.3497,-0.66171,-33.482,1.1035,16.888,2.8526,-11.277
57.3,-0.0020274,-0.0055417,-0.0039036,-1.0036,-0.00068131,-0.0045985,0.010669,0.44978,-2.1435,1.515,-36.191,-0.90689,18.645,-1.6829,-17.628,0.0048553,0.0034933,0.0032814,-1.0097,0.0064302,-0.0018781,-0.0025067,1.1904,-2.9973,0.66931,-33.151,0.16501,14.262,-1.143,-12.421
57.4,-0.0090206,0.015937,-0.016079,-0.9909,-0.0033624,0.00046269,-0.0014898,-0.53899,-4.843,-0.65987,-34.354,0.69963,17.295,-0.85094,-16.988,-0.016948,-0.022854,0.005789,-1.0054,-0.0055525,0.0018144,0.0024202,1.1355,-2.8451,-1.2361,-33.354,1.098,14.744,-0.72803,-12.362
57.5,-0.0042765,-0.01965,0.0051683,-1.0093,-0.0082802,0.0046602,-0.0047849,-1.0175,-4.7329,0.80297,-34.164,2.1166,18.522,1.5794,-16.165,0.016867,-0.005696,0.01042,-0.99425,0.0014774,-0.0056201,0.003324,-0.83404,1.1353,-0.52468,-33.288,0.78067,15.193,1.5626,-12.908
57.6,0.0090948,-0.010649,0.0019335,-1.0013,0.0062985,0.0095266,-0.005473,1.7329,-4.1379,-2.7332,-37.082,0.3213,20.939,1.4757,-16.886,-0.010305,-0.017328,-0.00058806,-0.99527,-0.006937,-0.0046703,0.0096883,1.2383,-2.4334,-1.6508,-33.202,-0.21327,15.741,-0.88203,-13.372
57.7,0.0010906,-0.0044804,0.006986,-0.9981,-0.0006605,0.0061012,-0.0085013,0.33997,-3.9897,1.3637,-35.792,-2.0956,18.991,-0.51095,-15.85,-0.0003988,0.012926,-0.0023044,-1.0104,0.0068347,0.0010687,-0.0063025,-0.99806,0.22299,0.33745,-34.627,-0.86826,16.462,-0.685,-12.793
57.8,-0.0016372,-0.0085795,0.0014541,-1.0085,-0.0064418,-0.00069079,-0.00061551,-0.7775,-3.8966,1.0743,-36.706,-0.87264,17.973,0.91108,-17.649,-0.0097447,0.00040663,-0.022843,-1.002,-0.0042408,0.0036268,0.0066637,1.5525,-1.4377,0.0066228,-33.478,0.2545,14.836,-1.069,-13.925
57.9,0.010154,0.0044836,-0.018015,-1.002,0.0018062,0.0011825,-0.0025455,-1.1785,-3.4323,-0.99706,-33.999,0.44926,19.039,1.7882,-17.369,-0.0048989,-0.010441,-0.014295,-1.0016,-0.0055838,-0.0030906,0.0007199,0.43765,-1.1965,1.7292,-31.769,-1.837,15.841,-2.147,-11.959
58,0.0027127,0.010764,0.0019517,-1.0005,-0.0062348,5.4988e-05,0.00077556,0.41979,-5.4278,-1.0368,-35.626,1.4151,17.606,-1.1814,-17.536,0.0098845,0.01078,0.010023,-0.99479,-0.005962,-0.007183,-0.00069792,-0.71541,-0.98164,-0.84303,-34.292,0.33019,16.331,-1.2516,-12.57
58.1,0.0050284,0.012109,0.00151,-1.002,0.0025212,-0.0013054,0.0048803,-0.7824,-5.2348,0.43295,-35.868,0.33524,19.383,-0.01064,-16.864,0.0010885,0.0092149,0.0044333,-1.0037,-0.0015227,-0.0027354,-0.0055398,-1.2504,-0.58185,-1.2505,-35.196,0.138,15.601,0.5452,-13.122
58.2,0.0074491,0.01247,0.0086765,-0.99029,0.0012792,-0.00018977,-0.0058462,0.83087,-2.6504,-0.21764,-37.018,0.010432,18.324,-0.48945,-15.591,-0.014837,0.0045475,0.0073575,-1.0168,-0.0018543,0.0027699,-0.0063124,-1.3416,-1.648,-1.029,-32.038,0.74848,15.759,0.59342,-13.059
58.3,-0.00013546,0.01031,0.0075104,-1.001,0.0041288,-0.005891,-0.0027982,-1.7832,-4.18,-0.071643,-37.044,0.28462,18.264,-0.32249,-19.431,-0.0093502,0.00068522,0.0016299,-1.0043,0.0014885,0.00017435,-0.010719,0.34816,-2.7497,0.93739,-34.821,-1.0326,17.008,1.3245,-11.447
58.4,0.0014563,-0.013202,0.000464,-1.0153,-0.0014778,-0.0027659,-0.0030602,-0.90215,-0.96397,0.87513,-36.38,0.08907,18.974,-1.8861,-16.668,-0.0021096,0.0047817,-0.014704,-0.9989,0.00072907,0.0027953,0.0023556,0.86847,-1.8462,0.99001,-32.553,0.057424,14.463,-2.6383,-12.25
58.5,0.005268,0.0082776,0.0067655,-0.99093,0.0074905,0.0016706,-0.0014053,-1.3649,-4.7266,-0.75929,-36.297,1.3919,18.437,-0.051468,-16.4,-0.0048873,-0.013205,-0.0023875,-1.0018,-0.0016151,0.0055337,5.1659e-06,0.08353,0.12477,-0.72969,-33.998,-0.098504,14.861,-1.3216,-11.87
58.6,0.0063481,0.00019341,0.0091589,-0.99477,-0.00050942,-0.0020012,0.0087685,-2.0114,-4.2043,0.10108,-34.871,2.1072,18.825,0.7923,-18.351,0.0052438,0.015121,0.0011863,-1.0125,-0.0054529,0.0034834,-0.001144,-1.046,-1.5902,0.45437,-33.704,-0.034463,14.271,1.5194,-11.846
58.7,-0.013773,0.023942,0.0098783,-0.99612,0.0021737,-0.00035528,0.0089821,-0.69189,-3.3859,0.037828,-34.919,0.53216,20.263,-0.11375,-14.569,-0.013517,0.003741,0.0091306,-0.9907,0.0024561,0.00050766,-0.0025348,-0.50277,-1.7684,-1.4399,-35.254,0.064388,16.133,1.8759,-12.621
58.8,-0.02071,-0.015473,-0.0084295,-0.99853,0.0010824,0.0024609,0.0014916,-0.73244,-3.2734,-0.95612,-35.179,-1.2304,18.783,-1.7146,-17.731,0.0028358,0.0079351,-0.0050055,-0.98046,0.003229,-0.012841,-0.0021362,-1.8585,-0.38126,-0.56246,-32.271,0.6203,16.265,2.3835,-10.978
58.9,0.0028808,0.014468,0.0018447,-1.0165,0.013122,0.0068405,0.0060921,0.3792,-4.787,-1.129,-34.49,-0.0090539,17.588,0.31467,-18.363,0.011469,-0.019221,0.0065341,-1.0194,0.0053816,-0.0067531,-0.0015192,0.40618,-1.7992,2.3711,-34.328,1.8756,14.333,-1.5751,-11.569
59,-0.0099425,0.0001677,-0.00042762,-0.99168,0.0027747,-0.0022858,0.00051507,-1.3045,-3.4989,-1.3094,-36.412,-0.3254,19.416,0.83809,-18.012,-0.017933,-0.0032789,0.0040701,-1.0033,0.0017906,-0.00025865,-4.6794e-05,0.27007,-1.0072,0.84416,-33.151,-1.7499,15.694,-0.38901,-11.666
59.1,-0.0064338,0.029025,-0.0065192,-0.9958,0.0022753,0.0047907,-0.0074755,-1.7129,-2.9661,-2.7824,-35.888,1.3242,19.938,1.223,-17.721,-0.025552,-0.0051953,-0.0010108,-0.98597,-0.00069642,-0.00088229,0.012705,1.513,-0.69656,-0.49557,-34.759,-0.48023,15.784,-0.47564,-12.341
59.2,-0.0104,-0.0014635,-0.0022765,-0.97532,0.0030093,-0.0016137,-0.0010857,-0.9906,-3.4535,-0.44916,-35.232,0.23933,19.835,-1.0109,-16.379,0.0058353,-0.0053456,-0.013258,-0.98774,0.0069369,-0.008485,-0.003249,-0.55421,-1.4129,0.90225,-33.657,-0.62964,16.267,-0.019454,-12.134
59.3,-0.019506,0.0010722,-0.003357,-1.0044,-0.0089811,0.0019439,-0.0028101,1.0206,-1.7714,0.86288,-36.833,-0.11983,21.338,-3.1519,-17.976,0.0025212,0.0010109,-0.0043805,-1.0028,0.0010561,0.0031754,-0.0010757,-0.32495,0.34524,-1.6545,-34.506,0.50611,16.373,-0.19556,-11.02
59.4,0.015448,-0.0095069,0.0023638,-0.99702,-0.00016938,0.0023787,0.0069669,-0.32943,-2.739,-1.4497,-35.226,-1.6859,19.373,1.2422,-16.658,-0.02056,0.011303,0.016236,-0.99023,0.0039955,-0.0010676,0.0027589,0.80303,0.12565,-1.8354,-32.02,-0.011837,16.118,-0.59123,-13.642
59.5,-0.025702,-0.011632,0.0075086,-0.98601,0.0040513,-0.00043209,0.00088807,-1.2198,-3.5134,-0.16059,-37.855,0.48057,19.533,0.18818,-15.777,0.00094358,0.0057618,0.0032533,-1.0035,-0.0011585,0.0082186,0.0021498,-0.37396,-2.497,-1.1565,-34.352,0.82202,18.135,-0.73748,-11.567
59.6,0.0046924,0.0073001,0.018461,-1.0123,0.010225,0.0071772,-0.003046,-1.2373,-3.1856,0.19909,-34.429,0.56467,19.412,1.0831,-17.023,-0.0097209,0.0098631,-0.0061493,-1.0106,0.0051339,0.0063967,0.001602,0.22471,-1.3938,1.2327,-33.416,-0.2351,15.736,-0.98591,-11.487
59.7,-0.0031156,0.018184,-0.0051219,-0.98106,0.0014264,-0.012193,0.0061101,1.6273,-4.2684,-0.17058,-36.046,0.16,19.539,-0.7888,-17.607,0.0021048,0.0016507,-0.0090018,-1.0147,0.00025175,0.0004042,0.0029216,-0.28634,-1.9101,0.5162,-34.36,-1.3602,17.028,-0.098281,-12.488
59.8,-0.0064076,0.012804,-0.012726,-0.99256,0.006044,-0.0051624,0.0017996,0.25387,-4.3306,-0.43916,-36.626,-0.69146,19.147,-1.1542,-17.086,-0.010746,0.0033829,0.0019064,-0.99502,-0.0021234,0.0040003,0.00032363,-0.076266,-1.3676,0.29922,-35.493,-0.69719,15.88,0.70605,-13.662
59.9,0.0070325,-0.005142,-0.0098607,-1.0138,-0.0078992,-0.0040316,0.0055091,-0.82593,-1.898,-1.5931,-35.143,-0.53868,19.236,0.26071,-13.556,0.019328,0.0024336,0.00076167,-1.0133,0.0091195,0.0046173,-0.0062367,-0.68069,-2.2543,-1.0989,-33.88,0.98685,16.011,0.20764,-12.184
60,0.010007,0.0081359,0.0042079,-0.9961,-0.0014968,-0.0050656,-0.0065717,-0.80425,-2.9791,-0.35498,-37.027,3.1872,18.201,1.3264,-16.141,0.0010856,-0.0070069,0.0041175,-0.98284,0.0024944,0.0076421,-0.00094243,-1.4794,-1.1903,-0.42436,-35.736,1.4435,15,0.48127,-12.43
