time,q1_healthy,q2_healthy,q3_healthy,q4_healthy,omega1_healthy,omega2_healthy,omega3_healthy,wheel1_i_healthy,wheel1_w_healthy,wheel2_i_healthy,wheel2_w_healthy,wheel3_i_healthy,wheel3_w_healthy,wheel4_i_healthy,wheel4_w_healthy,q1_faulty,q2_faulty,q3_faulty,q4_faulty,omega1_faulty,omega2_faulty,omega3_faulty,wheel1_i_faulty,wheel1_w_faulty,wheel2_i_faulty,wheel2_w_faulty,wheel3_i_faulty,wheel3_w_faulty,wheel4_i_faulty,wheel4_w_faulty,
0,0,0,0,0,0,0,0,0,0,0,0,0,0,0,0,0,0,0,0,0,0,0,0,0,0,0,0,0,0,0
0.1,-0.70301,-0.010474,0.11727,-0.7046,0.003292,0.0029678,-0.0063405,1.2607,-0.86703,1.6899,-0.086623,-0.011935,2.0494,-2.3292,-0.13725,-0.69207,0.0054236,0.12267,-0.68863,-0.0032485,-0.0072038,-0.00050367,0.11173,2.7511,-1.6894,-0.5062,0.73671,-0.92667,-1.5759,1.3334
0.2,-0.69887,-0.0076082,0.12057,-0.70036,-0.0022207,-0.002759,0.005067,0.56266,0.56699,-0.30603,1.3789,-1.0086,-0.6169,-0.86556,0.076868,-0.70811,0.00037447,0.11817,-0.69839,0.00095035,-0.0016559,0.0028554,1.5606,0.81199,0.25821,0.58717,-3.3454,-0.26288,0.24793,0.33256
0.3,-0.69351,-0.016986,0.12517,-0.69686,-0.0038616,-0.0049983,-0.00058025,3.3181,-1.4606,0.32014,-0.1449,-1.4002,-1.1788,-1.6008,-0.6622,-0.70663,0.00096883,0.13249,-0.69799,-0.0025882,0.0035855,0.010485,0.89111,2.837,1.085,-0.96374,-1.4097,-0.65571,-2.2343,0.54017
0.4,-0.71432,-0.0040014,0.12699,-0.69812,-0.0061955,8.8576e-05,0.0076547,0.56433,0.42476,0.35526,-0.23824,0.58916,-0.10482,-0.90976,-3.065,-0.69846,-0.0011303,0.12719,-0.68983,-0.013011,-0.0031814,0.0016204,1.2362,0.0033635,1.9047,0.57715,-0.99986,-0.89439,-0.1696,-0.78354
0.5,-0.71769,-0.02421,0.10792,-0.69389,-0.0016914,0.0021448,0.0054461,2.5511,0.36699,-0.47813,-0.8091,-0.91789,-0.3013,-0.99457,-2.7299,-0.71012,0.0067035,0.1202,-0.70251,-0.006468,-0.0046536,0.0010253,0.58144,1.9043,-1.2392,-0.51475,-1.1051,-1.776,-0.61998,-0.30334
0.6,-0.71063,0.019872,0.13127,-0.69268,-0.0071483,-0.0079416,0.0049604,-0.018681,3.7118,-1.3775,-1.2731,-0.87939,-1.4113,-1.4807,0.031165,-0.70825,-0.012245,0.12948,-0.68357,-0.011354,-0.0069509,0.0030032,1.8541,0.60445,0.61306,0.37487,-0.89252,-3.035,-1.831,-1.3136
0.7,-0.71026,0.0072161,0.13501,-0.68911,-0.012573,-0.0030846,0.0037614,0.88139,1.8113,-0.52413,-0.46873,-1.7118,-1.042,-0.11742,-3.8181,-0.70619,-0.0048219,0.10853,-0.6927,-0.0060238,-0.0077439,0.0008399,0.82786,1.3987,1.2032,0.040775,-0.75916,-2.0525,-0.91749,-1.8712
0.8,-0.7244,-0.0073728,0.12654,-0.68274,-0.011841,-0.0053,0.017699,2.455,2.8706,1.154,-1.357,0.004646,-0.90523,-0.79167,-2.4147,-0.70394,-0.003379,0.14448,-0.69649,-0.0143,8.543e-05,0.0068305,1.8038,1.8603,-0.58442,-2.0691,-1.0413,-1.331,-1.2848,-1.6563
0.9,-0.70629,-0.016037,0.11967,-0.69992,-0.010489,0.0055374,0.010187,-0.22927,1.5604,-0.27328,1.395,-0.70705,-2.9506,0.2889,-4.3892,-0.70257,0.0082844,0.11453,-0.70812,-0.018023,-0.0062403,0.012628,-0.40654,2.9446,-1.4285,-0.066188,-1.7495,-2.7019,-1.3305,-2.2905
1,-0.68806,-0.0059218,0.13545,-0.71292,-0.020391,-0.016839,0.011743,-0.19328,1.9245,0.1001,-0.3051,-1.4278,-1.4971,-1.5241,-3.2013,-0.70145,-0.0036529,0.11481,-0.70182,-0.030262,-0.0019401,0.015247,-1.1849,1.8246,0.79808,-0.64029,0.92078,-1.0932,-0.68408,-1.0803
1.1,-0.70472,-0.015463,0.12869,-0.69958,-0.015908,-0.0010146,0.015867,-0.38576,3.595,0.3385,-0.058841,0.28648,-3.3433,-1.0612,-2.6307,-0.68909,0.0040253,0.13042,-0.69331,-0.020207,-0.0055749,0.011443,1.7788,3.3966,-0.26524,-0.54147,-0.022489,-3.1504,0.37701,-3.3294
1.2,-0.71884,0.0076701,0.12273,-0.70988,-0.011832,-0.0072577,0.023891,-0.031513,3.1058,0.19579,-2.6906,-0.79075,-4.0122,0.54415,-4.3352,-0.70062,0.0066041,0.13743,-0.70407,-0.016306,-0.011985,0.012014,-0.40851,2.98,-0.33103,-0.42853,-1.7179,-1.4565,-1.6531,-3.4177
1.3,-0.72116,0.019752,0.11948,-0.68941,-0.019814,-0.00074558,0.016123,-0.35692,4.2922,0.85247,0.3379,-1.1322,-2.4361,-1.634,-4.8156,-0.7036,0.016614,0.14659,-0.71378,-0.019841,-0.0043648,0.014127,0.88967,3.1148,-0.71043,-0.52134,0.26771,-2.3474,-1.1178,-3.737
1.4,-0.69663,0.0081555,0.13603,-0.71657,-0.0090806,-0.0041183,0.0097997,-0.23236,4.9272,0.38643,-0.010456,-0.49856,-4.4146,-2.7233,-4.4377,-0.71677,-0.0097636,0.13248,-0.69416,-0.016423,-0.01644,0.022572,0.31165,3.4422,0.3659,0.14571,-1.0312,-3.5478,-2.9451,-5.3523
1.5,-0.70125,-0.021635,0.12276,-0.70762,-0.023813,-0.0027055,0.019034,1.3744,3.8887,0.42901,-1.6976,-1.2626,-6.0636,-0.48567,-4.9618,-0.71395,0.019044,0.11862,-0.71723,-0.028176,-0.015753,0.018563,1.8479,2.8217,-1.1815,-0.4968,-2.9287,-5.3424,-0.28331,-5.4994
1.6,-0.70507,-0.0040148,0.11792,-0.71187,-0.021621,-0.0036738,0.015474,-0.0039151,5.1255,0.32337,-1.4705,-2.1618,-4.9375,-0.058391,-7.0141,-0.71461,0.01568,0.13616,-0.70691,-0.022792,-0.0026145,0.018657,1.4625,3.8246,0.70327,-1.3971,-0.3606,-3.1051,-2.3747,-7.0856
1.7,-0.70589,0.015051,0.11272,-0.69477,-0.02199,-0.0063603,0.021034,1.5284,3.3496,-0.52387,-0.73822,-2.3348,-7.1779,-1.0827,-6.8601,-0.70091,-0.0020815,0.14161,-0.70879,-0.026008,-0.0051768,0.036124,2.173,5.0543,-1.7277,-2.0087,1.1486,-4.7756,-1.3886,-5.4839
1.8,-0.70431,0.0065208,0.11512,-0.6817,-0.030124,-0.014659,0.033591,-0.082474,3.8815,0.57502,-1.697,0.44067,-8.203,-1.1459,-6.3608,-0.69188,0.017224,0.12012,-0.69879,-0.017672,-0.010239,0.017251,-1.9155,4.1369,0.37799,-3.0844,-0.86367,-3.4565,-1.7768,-6.397
1.9,-0.69572,0.022172,0.12096,-0.69363,-0.024505,-0.0069625,0.032356,1.1746,3.8548,-0.87747,-0.84577,-0.9802,-7.2829,-0.11123,-7.6631,-0.70315,0.028479,0.12657,-0.69966,-0.035048,-0.0076058,0.030723,0.0952,5.6255,-0.34741,-1.1505,-1.5169,-3.0614,0.039801,-4.6938
2,-0.70333,0.0024298,0.1182,-0.71569,-0.022602,-0.010329,0.035734,1.071,4.6633,0.35849,0.1535,-1.303,-7.6224,-1.0155,-5.6222,-0.70627,-0.00093456,0.089958,-0.69707,-0.032615,-0.0079239,0.028065,2.0342,4.4297,-0.1761,-1.1552,-1.4528,-7.2007,-0.54082,-5.9484
2.1,-0.70476,0.0093835,0.13231,-0.71616,-0.030199,9.6048e-05,0.02965,1.6885,6.6687,-0.97511,-0.15514,-2.2385,-9.4788,-1.5421,-8.2396,-0.69375,0.024095,0.10759,-0.70927,-0.019588,-0.012274,0.037461,0.30411,4.4691,-3.0674,-0.39225,-1.2529,-7.0531,-0.4827,-8.0439
2.2,-0.68012,0.0060515,0.1166,-0.71663,-0.032085,-0.0072245,0.027277,0.62848,6.6955,0.95892,-0.12368,0.097129,-6.7533,-0.020372,-6.5191,-0.6993,-0.005087,0.13111,-0.73053,-0.032483,-0.0056313,0.028822,-0.02157,6.1826,-0.94939,-2.6482,-1.9159,-6.2359,-0.43303,-10.1
2.3,-0.69275,0.012982,0.1318,-0.71899,-0.033757,-0.012699,0.027902,0.94767,6.0161,-1.1125,-0.67612,-0.36297,-8.806,-0.21651,-7.6999,-0.68875,0.022149,0.12757,-0.68547,-0.027541,-0.014662,0.026981,-0.12288,5.2962,1.2492,-1.4617,-2.3322,-5.8861,-2.1541,-6.6012
2.4,-0.69167,0.0085997,0.099612,-0.71453,-0.032292,-0.01359,0.025624,0.14647,5.104,-0.0093449,-1.594,-1.006,-7.6728,0.27231,-7.4085,-0.6826,0.0079517,0.11639,-0.72708,-0.032573,-0.01504,0.031182,0.57205,5.9404,-1.0805,-0.12983,-1.3208,-6.9657,-1.1157,-7.8351
2.5,-0.70636,0.016666,0.1169,-0.724,-0.037375,-0.001296,0.036263,0.0029836,6.2707,-0.29791,-0.94949,-1.4889,-7.2675,-0.69698,-8.1186,-0.68132,0.028251,0.12712,-0.71853,-0.025798,-0.0041014,0.029235,1.4051,5.1596,-0.57115,-1.2869,-2.204,-6.8191,-2.5045,-8.5182
2.6,-0.65967,0.012318,0.1198,-0.7149,-0.039893,-0.014459,0.042987,-0.013437,8.1626,-0.40272,0.42716,-1.0861,-8.5327,-1.1102,-8.5555,-0.66515,0.016909,0.099204,-0.72386,-0.028687,-0.020492,0.027278,1.3473,7.1438,-0.9805,-1.597,-0.50113,-7.1532,-2.4886,-9.3688
2.7,-0.69468,0.020462,0.10813,-0.70456,-0.038527,-0.015384,0.042132,1.0646,6.0196,-0.93387,-0.38506,-1.6852,-9.6956,-2.0315,-9.5874,-0.69729,0.02199,0.10807,-0.71111,-0.042089,-0.0076228,0.034021,1.5814,7.3282,-2.0523,0.18566,-1.1882,-8.1115,-1.677,-8.6547
2.8,-0.68466,0.025158,0.12123,-0.72224,-0.036917,-0.012848,0.035918,1.4604,8.1423,-0.47178,-0.46168,-0.63335,-8.7367,0.22683,-9.3736,-0.67984,0.026024,0.12487,-0.7033,-0.040525,-0.0089532,0.038899,-0.24071,7.5711,-0.87691,-0.2329,-0.50587,-8.1558,-1.8186,-9.721
2.9,-0.6976,0.039835,0.096853,-0.71404,-0.045339,-0.0056468,0.037565,1.61,7.9923,0.83802,-2.1196,0.39361,-10.574,-2.6516,-9.5737,-0.67745,0.024833,0.094807,-0.72692,-0.042118,-0.0090918,0.036909,2.4552,6.3655,-0.27337,-2.8678,-1.4181,-8.3879,-0.83553,-11.486
3,-0.68139,0.034291,0.11398,-0.72437,-0.047085,-0.018501,0.042001,-0.034672,8.5654,0.33166,-2.6535,-1.8226,-9.6748,-0.15296,-10.368,-0.69065,0.014937,0.087115,-0.7336,-0.041623,-0.011694,0.046896,0.43587,8.0158,-0.81648,-1.9687,-2.083,-8.62,-1.1203,-11.035
3.1,-0.67741,0.038485,0.10759,-0.73055,-0.052402,-0.016129,0.04859,0.37403,9.1646,-1.4767,-1.2501,-1.3612,-9.8652,-2.975,-11.713,-0.66703,0.033551,0.099415,-0.72714,-0.051927,-0.01685,0.041996,0.72606,8.647,0.40094,-1.0895,-0.19737,-7.5512,-1.1757,-11.127
3.2,-0.67546,0.026903,0.11435,-0.73354,-0.049791,-0.015484,0.044075,-0.68601,8.1326,-2.0459,-2.6252,-1.4196,-10.529,-1.6893,-10.758,-0.67958,0.032192,0.11031,-0.74365,-0.055009,-0.015123,0.044449,0.86076,8.9562,-1.6664,-1.5806,0.21774,-9.0678,-1.3785,-10.093
3.3,-0.67369,0.031897,0.10601,-0.72097,-0.044863,-0.010934,0.047907,0.48863,9.4674,-1.7189,-3.2903,-0.64718,-11.191,0.20437,-13.516,-0.65678,-0.0094399,0.1079,-0.75048,-0.056174,-0.01373,0.042334,1.5336,7.5476,-0.050964,-1.4968,0.21012,-9.7547,-0.10799,-11.376
3.4,-0.65537,0.040363,0.10127,-0.72822,-0.052211,-0.0121,0.060634,-0.29651,7.9849,-0.39571,-2.3833,-1.3307,-10.364,-0.57319,-12.661,-0.68318,0.03725,0.12303,-0.73206,-0.051145,-0.015114,0.049387,1.8389,9.6291,-0.18279,-2.8123,-1.4395,-9.3552,-1.2122,-12.92
3.5,-0.6695,0.024594,0.099098,-0.73964,-0.060468,-0.01661,0.053134,-0.57546,8.4305,-0.5202,-3.8773,-0.76624,-12.668,-1.2495,-11.51,-0.66773,0.03636,0.10473,-0.73158,-0.044702,-0.0063486,0.045727,-0.31191,9.5313,-2.2351,-2.3537,-0.52488,-8.6319,0.82678,-12.222
3.6,-0.68064,0.043246,0.083595,-0.74105,-0.051527,-0.0095649,0.058915,-0.87855,10.268,-1.0156,-2.9434,0.93324,-12.961,-0.91272,-11.536,-0.6884,0.036563,0.10478,-0.73667,-0.062066,-0.0076358,0.044198,0.92324,10.103,0.34573,-3.0754,-1.6958,-8.0275,-1.6438,-11.76
3.7,-0.68174,0.052963,0.084117,-0.7234,-0.05748,-0.017875,0.051072,2.7918,9.8778,0.17916,-4.4677,-1.1931,-13.71,-1.09,-13.815,-0.668,0.0498,0.10687,-0.73006,-0.057961,-0.018682,0.049757,0.69954,9.1688,-0.69859,-3.5968,-1.1366,-7.4248,-0.88519,-13.491
3.8,-0.68802,0.049311,0.088836,-0.72769,-0.059035,-0.010888,0.068965,1.6578,11.959,-0.40768,-2.8026,-1.1916,-11.12,-1.6435,-13.266,-0.6653,0.032177,0.077189,-0.73664,-0.057614,-0.026235,0.049311,0.90317,10.666,-1.1646,-3.9708,-1.882,-9.1518,-1.5989,-13.886
3.9,-0.63683,0.031262,0.085501,-0.75216,-0.057386,-0.0080669,0.060481,0.051231,11.294,-1.5396,-4.6674,-0.72057,-8.7993,-0.68729,-11.9,-0.65903,0.031809,0.095411,-0.74064,-0.056991,-0.019362,0.053218,3.3528,9.5186,-0.54518,-3.3835,-3.0262,-9.5446,0.11985,-14.845
4,-0.66154,0.056017,0.088544,-0.74959,-0.05433,-0.0089787,0.058236,1.6236,12.151,1.3897,-6.5148,-0.23208,-14.064,-0.97636,-13.068,-0.65277,0.054077,0.088294,-0.75439,-0.047999,-0.010034,0.04986,-1.1903,12.002,-0.02558,-3.2128,-1.4484,-11.259,-1.6207,-14.65
4.1,-0.67064,0.039722,0.10249,-0.73604,-0.052993,-0.016185,0.06298,0.15737,11.247,-0.63466,-3.8467,0.57351,-12.582,1.0521,-14.597,-0.64478,0.038232,0.1063,-0.74106,-0.055114,-0.010298,0.058905,2.0534,11.503,-1.7137,-4.0935,-0.64548,-10.515,0.41431,-14.676
4.2,-0.66107,0.048384,0.081827,-0.74424,-0.068834,-0.0068524,0.0627,0.031351,11.417,-0.42202,-5.6075,0.18276,-14.031,-1.331,-14.816,-0.65209,0.043103,0.095895,-0.74346,-0.065542,-0.021834,0.050521,-0.23721,11.754,0.24984,-5.7479,-0.70956,-9.2951,-0.024351,-17.297
4.3,-0.64716,0.053087,0.10092,-0.75501,-0.066997,-0.018817,0.06789,-0.10059,12.497,-2.7548,-6.3538,-1.7927,-14.378,-1.1292,-16.888,-0.65574,0.048634,0.10656,-0.74452,-0.061902,-0.01524,0.049023,0.037529,12.458,-2.194,-5.1618,1.8541,-11.755,-1.1742,-14.504
4.4,-0.64326,0.063442,0.085487,-0.73281,-0.062405,-0.017606,0.066552,0.8449,10.032,-1.1107,-3.3292,0.93729,-13.515,0.58531,-16.823,-0.65892,0.070148,0.079281,-0.7346,-0.059736,-0.019899,0.054328,0.57174,12.239,-2.4435,-4.8545,0.47344,-11.381,-2.7746,-14.965
4.5,-0.63058,0.042936,0.087239,-0.75537,-0.065171,-0.012748,0.059839,1.1133,11.77,-1.5807,-5.5405,-0.69686,-11.79,-2.0572,-17.598,-0.64824,0.027217,0.10221,-0.75021,-0.059695,-0.016657,0.050366,0.43798,10.211,0.20556,-4.1552,0.245,-12.007,-1.3353,-15.641
4.6,-0.65912,0.060285,0.093053,-0.75085,-0.062611,-0.016196,0.063661,0.86355,13.171,-2.2481,-4.3535,0.56292,-13.382,-1.2215,-15.007,-0.65449,0.065876,0.067248,-0.77184,-0.059003,0.00051029,0.058881,1.4273,11.601,-0.23796,-4.7527,-1.2809,-10.812,-0.30543,-17.561
4.7,-0.64287,0.053431,0.07657,-0.75898,-0.066132,-0.011162,0.076166,0.12858,12.454,-0.53219,-6.6583,-1.4851,-13.567,-0.57188,-16.681,-0.65018,0.056932,0.090288,-0.76168,-0.068561,-0.012407,0.059017,1.05,11.262,-1.2795,-7.8727,0.65272,-11.245,-2.9771,-16.607
4.8,-0.64193,0.057338,0.081964,-0.75054,-0.062734,-0.010214,0.065536,0.47854,12.936,-1.3476,-8.639,-0.34563,-14.865,-0.015545,-17.696,-0.64737,0.057893,0.095724,-0.7554,-0.073005,-0.0095254,0.06648,0.8522,13.34,-1.954,-6.0137,-0.14148,-10.923,-1.2169,-16.212
4.9,-0.63462,0.066861,0.087087,-0.7689,-0.071987,-0.012991,0.064247,2.8644,13.163,-1.1763,-8.1101,0.47408,-12.534,-0.23727,-19.074,-0.61683,0.053321,0.086964,-0.76236,-0.06684,-0.016321,0.063214,0.23483,12.008,-0.0090752,-5.9544,-2.8938,-11.615,-2.7742,-18.43
5,-0.63916,0.059606,0.087061,-0.76627,-0.074905,-0.01498,0.071471,2.3113,12.798,-0.51315,-6.2772,-1.1929,-14.165,1.9126,-17.747,-0.61879,0.073782,0.052138,-0.77067,-0.074022,-0.006749,0.055352,1.242,13.291,-2.624,-7.2891,-1.0942,-10.889,-0.38521,-18.1
5.1,-0.63868,0.057957,0.093623,-0.76825,-0.083894,-0.0039584,0.069567,0.91677,13.892,0.19981,-7.9657,1.0837,-12.78,-0.8606,-16.486,-0.63169,0.059742,0.080379,-0.77533,-0.079101,-0.011866,0.059819,1.107,13.723,-0.8573,-7.7611,0.61279,-11.532,-1.0793,-17.573
5.2,-0.63608,0.067013,0.0721,-0.76746,-0.076252,-0.0090004,0.062306,0.89724,13.695,-2.3527,-8.4545,-1.5074,-14.703,-0.020758,-18.83,-0.63102,0.065539,0.081584,-0.78937,-0.070371,-0.010159,0.068303,0.68121,13.9,1.4888,-9.548,-0.81436,-11.012,-1.3696,-19.592
5.3,-0.62769,0.085463,0.07793,-0.77272,-0.072908,-0.0056091,0.077669,0.26877,14.32,-1.49,-8.2051,-2.2387,-14.552,-1.3799,-19.079,-0.62126,0.067914,0.084361,-0.77794,-0.070117,-0.013307,0.058042,2.2361,13.116,-1.1757,-8.8251,-1.6228,-13.256,-0.71241,-18.715
5.4,-0.61895,0.07121,0.076232,-0.75638,-0.082579,-0.015404,0.07282,0.43255,15.411,-2.7909,-8.6598,-1.0959,-13.868,-0.46554,-18.263,-0.63103,0.072831,0.080589,-0.7656,-0.080091,-0.0087096,0.062281,1.6016,14.531,-2.5426,-8.6619,-0.098545,-10.222,-1.8895,-20.041
5.5,-0.62555,0.095551,0.065809,-0.76856,-0.079877,-0.011963,0.071176,2.1772,13.326,-2.0654,-9.6752,-0.43552,-12.265,-1.6955,-19.671,-0.62427,0.075551,0.083419,-0.78071,-0.07728,-0.0099898,0.063332,2.0819,15.236,-1.6272,-9.7936,-0.14372,-12.022,-1.3787,-17.711
5.6,-0.6179,0.088069,0.071318,-0.76274,-0.07656,-0.011521,0.076336,0.12162,15.073,-0.4057,-9.1028,1.8385,-12.251,-1.241,-20.624,-0.61774,0.053298,0.084731,-0.78194,-0.081078,-0.017006,0.07077,-0.11515,14.954,-1.6248,-9.9493,-0.71326,-10.533,-1.7469,-21.186
5.7,-0.59982,0.092371,0.060903,-0.77764,-0.081955,-0.016595,0.077375,1.2842,15.045,-2.4973,-9.8725,2.0197,-13.786,-1.4733,-19.129,-0.62479,0.064528,0.077089,-0.79345,-0.076113,-0.0096482,0.070298,0.33415,16.605,-2.4749,-8.9494,0.040782,-9.5485,-0.97814,-20.535
5.8,-0.60943,0.091222,0.053587,-0.78291,-0.081713,-0.01182,0.079819,1.1132,15.023,-1.482,-10.218,0.29788,-14.798,-1.8526,-20.56,-0.62513,0.080826,0.073844,-0.77467,-0.088796,-0.0088315,0.080136,-0.48167,14.717,-1.116,-9.6726,0.73861,-11.208,0.83124,-19.363
5.9,-0.61155,0.096895,0.06221,-0.78358,-0.085362,-0.022983,0.075719,0.16013,14.43,-0.63021,-9.9707,-0.85474,-13.628,-0.86463,-22.81,-0.6017,0.081879,0.071968,-0.75913,-0.090537,-0.0069529,0.076672,-0.064666,17.056,-1.5066,-10.419,1.4241,-10.305,0.37295,-20.89
6,-0.59357,0.10113,0.06257,-0.80321,-0.09596,-0.011181,0.080784,1.2481,15.791,-0.78984,-12.061,-0.187,-12.207,-0.85062,-21.318,-0.61091,0.079368,0.06933,-0.80637,-0.081667,-0.0073178,0.072548,2.7214,16.603,0.031684,-9.8346,1.8079,-12.241,-1.928,-21.08
6.1,-0.59393,0.09475,0.056808,-0.79882,-0.085318,-0.0017012,0.069171,-0.46317,15.181,-2.2671,-11.937,1.5201,-14.41,-0.45033,-21.601,-0.60736,0.092485,0.060143,-0.79536,-0.080613,-0.015349,0.065397,1.8039,16.5,-2.3347,-10.739,0.8031,-13.083,-1.9195,-22.816
6.2,-0.56689,0.10579,0.038473,-0.80079,-0.082288,-0.01674,0.076032,-0.60445,17.072,-0.31017,-11.458,-0.72465,-17.151,-0.45655,-23.492,-0.59152,0.1021,0.04782,-0.79801,-0.085993,-0.016465,0.072419,1.7248,17.36,-1.2014,-11.65,-0.17389,-10.076,-1.8372,-22.537
6.3,-0.58044,0.096101,0.056952,-0.79435,-0.097801,-0.0048927,0.082664,1.1883,16.58,-1.0907,-13.684,-0.96541,-14.78,-0.24862,-22.984,-0.5854,0.075428,0.063018,-0.79848,-0.090317,-0.0080688,0.069045,1.2826,14.278,-1.0909,-11.507,-0.61167,-11.41,-2.9271,-22.659
6.4,-0.597,0.1039,0.05768,-0.80139,-0.10265,-0.0078281,0.078446,0.41219,17.977,-1.5261,-12.755,-0.25038,-14.114,-0.28757,-23.455,-0.59125,0.099681,0.04646,-0.81329,-0.097225,-0.018832,0.074957,1.1239,16.002,-0.77156,-11.197,-1.1389,-10.674,-0.94214,-23.191
6.5,-0.56378,0.10901,0.033989,-0.81509,-0.10345,0.0013111,0.087091,1.4678,14.291,-3.0562,-14.128,-0.37994,-12.396,-0.45311,-24.605,-0.57208,0.1297,0.040225,-0.79919,-0.091026,-0.0027648,0.077803,2.0428,16.953,-1.7789,-11.313,0.68215,-10.531,-0.12437,-23.877
6.6,-0.58794,0.10422,0.032025,-0.81262,-0.093569,-0.0072728,0.072086,0.40705,18.952,-0.94915,-11.829,1.5897,-14.369,-1.2675,-22.674,-0.57161,0.12788,0.044403,-0.80687,-0.093618,-0.014174,0.07895,0.05541,16.061,-0.67352,-12.87,-1.3637,-11.655,-0.054591,-24.911
6.7,-0.566,0.11028,0.03498,-0.8187,-0.10383,-0.010036,0.082759,2.4546,16.392,-2.0606,-14.384,1.2664,-13.795,-1.2891,-23.932,-0.58799,0.091425,0.04942,-0.79989,-0.093139,-0.015545,0.077759,0.42785,15.844,-0.52771,-14.625,0.11099,-12.929,-1.3019,-23.773
6.8,-0.57001,0.1085,0.042616,-0.80765,-0.09308,-0.0096903,0.079923,1.8833,16.749,-0.51754,-14.529,2.0366,-10.476,-2.4594,-24.091,-0.58096,0.10303,0.033399,-0.80124,-0.10025,-0.006158,0.072247,1.4069,16.531,-0.3549,-13.946,-0.84413,-9.4576,-0.42918,-26.789
6.9,-0.56013,0.11076,0.03103,-0.82379,-0.095756,-0.0068036,0.086122,1.4454,18.578,-1.6072,-15.223,-2.2695,-14.92,0.53962,-24.735,-0.5716,0.12128,0.040895,-0.80805,-0.098941,-0.0063432,0.062677,1.6091,15.425,-0.073828,-11.573,0.79907,-11.695,-0.46872,-24.614
7,-0.54278,0.12696,0.027158,-0.82118,-0.10494,-0.009132,0.071945,3.5566,17.028,0.60595,-14.484,2.489,-13.348,-0.4333,-24.681,-0.56555,0.097387,0.03594,-0.83375,-0.097908,-0.0042274,0.078618,0.33911,18.153,-0.75012,-14.777,-0.18763,-10.902,0.052065,-24.698
7.1,-0.54618,0.10766,0.017983,-0.83415,-0.10347,-0.0086216,0.080025,1.495,17.225,-0.8455,-13.159,-0.22181,-11.863,-1.0678,-25.539,-0.55226,0.12959,0.035219,-0.81388,-0.1108,-0.015373,0.079853,1.4209,17.865,-0.1719,-14.141,-0.17507,-10.968,-3.056,-27.193
7.2,-0.54558,0.11859,0.029105,-0.84007,-0.10186,-0.0052804,0.088096,0.87873,17.755,-0.24736,-14.618,0.79824,-13.587,-1.3138,-27.797,-0.55207,0.11646,0.040187,-0.82346,-0.1067,-0.0094717,0.078976,0.9097,17.459,-2.2348,-13.403,-0.62457,-10.958,-2.4179,-26.237
7.3,-0.55448,0.12689,0.030906,-0.83437,-0.12085,0.0028524,0.077804,0.66504,19.742,-1.0446,-14.9,-0.048797,-12.313,0.88027,-27.507,-0.52734,0.11458,0.029033,-0.83129,-0.1124,-0.0070633,0.075287,0.62573,18.114,-1.8589,-16.453,-1.1696,-11.262,0.45542,-26.876
7.4,-0.53972,0.12123,0.032237,-0.82486,-0.11111,-0.009024,0.082726,1.2739,18.449,-0.75576,-16.531,1.5475,-11.551,-1.2081,-27.191,-0.53028,0.11765,0.06066,-0.8293,-0.11047,-0.010169,0.077197,-0.30166,18.763,-0.32794,-14.109,-0.19469,-9.0888,-0.68053,-28.29
7.5,-0.53502,0.13501,0.011901,-0.82347,-0.10984,-0.003376,0.077828,2.4006,20.778,-1.342,-16.917,1.1155,-12.844,-0.3358,-28.873,-0.53596,0.12353,0.023958,-0.84722,-0.12106,-0.0070921,0.068382,0.41102,19.779,-2.6958,-16.103,0.97974,-9.3425,-0.41645,-28.847
7.6,-0.52257,0.11394,0.017162,-0.83147,-0.10798,-0.0012724,0.079153,0.43264,19.494,-1.8554,-18.046,2.2424,-13.197,-1.8092,-27.781,-0.53621,0.11518,0.039156,-0.82558,-0.11423,-0.0092443,0.083969,-0.046313,18.793,-2.0574,-15.974,0.19538,-10.187,-2.2756,-29.77
7.7,-0.51781,0.13138,0.013649,-0.84504,-0.11635,-0.013146,0.082014,1.6423,20.08,-3.0475,-15.387,0.62535,-12.069,0.18401,-29.911,-0.51704,0.12401,0.034228,-0.84832,-0.11553,-0.0067847,0.085147,0.56496,20.74,-2.7054,-16.633,-0.49535,-9.2958,-1.0342,-29.249
7.8,-0.52345,0.1411,0.0138,-0.8509,-0.1171,-0.009502,0.074791,0.95675,19.702,0.56849,-17.671,-0.35422,-10.678,-2.0416,-28.956,-0.50056,0.12871,0.029223,-0.84295,-0.12203,-0.0056775,0.073333,1.8844,21.033,0.16063,-17.546,0.96053,-11.826,-0.78023,-30.313
7.9,-0.52241,0.14429,0.0096248,-0.83382,-0.12178,-0.00026942,0.082518,1.4439,21.246,-0.6169,-17.536,2.5792,-8.9711,-1.5225,-30.138,-0.52016,0.12361,0.021587,-0.84037,-0.10695,-0.0075677,0.083405,0.025674,19.371,-0.24077,-15.831,0.60418,-8.7473,-2.204,-28.398
8,-0.51669,0.13769,0.0088166,-0.85368,-0.11268,0.0025993,0.084588,-0.42293,21.084,-0.098174,-16.805,1.112,-10.886,-0.32286,-29.631,-0.51796,0.13206,0.019981,-0.84996,-0.11377,-0.0012693,0.084703,-0.0064154,18.625,-1.6034,-19.086,0.3244,-6.7863,-2.9949,-30.233
8.1,-0.51248,0.14279,-0.012716,-0.85022,-0.12032,-0.013043,0.076773,-0.92221,20.774,-0.1982,-18.473,1.586,-10.57,-2.09,-29.019,-0.50333,0.11609,0.0032117,-0.84254,-0.11929,0.0017672,0.074398,0.81897,19.004,-1.1248,-19.148,1.2904,-9.3082,-2.7004,-31.176
8.2,-0.50744,0.14202,0.011316,-0.84312,-0.12058,-0.0071745,0.079066,0.84166,21.031,-1.2171,-18.276,1.5592,-10.994,-2.0096,-29.857,-0.49274,0.15002,0.019513,-0.86557,-0.12284,-0.0054161,0.07832,1.4537,20.571,-1.3789,-18.93,1.6174,-8.9714,-2.6738,-28.65
8.3,-0.49166,0.13078,0.010526,-0.85293,-0.11426,-0.0086005,0.066701,-0.13346,21.526,-2.5608,-19.15,1.2739,-7.9239,-1.0779,-31.455,-0.49561,0.1392,0.033129,-0.8525,-0.12097,-0.01288,0.074166,1.7817,22.55,-1.9698,-18.664,1.7903,-6.411,-0.80795,-29.194
8.4,-0.49666,0.15804,0.01223,-0.86801,-0.12228,-0.021048,0.074259,0.73672,21.04,-1.0297,-20.51,0.016537,-7.4003,-0.78351,-31.308,-0.49256,0.14089,0.019663,-0.85603,-0.12709,-0.003937,0.07436,0.38387,23.092,-0.27388,-19.859,1.7724,-6.6835,-0.56406,-31.47
8.5,-0.46586,0.1425,0.010201,-0.86078,-0.11639,-0.0040763,0.07281,0.15653,21.919,-2.1338,-19.997,0.60309,-6.7835,-1.1103,-33.363,-0.46487,0.15069,0.013595,-0.84829,-0.12889,-0.0018479,0.071766,1.2622,21.41,0.42366,-18.781,1.7608,-6.3732,-0.77699,-30.937
8.6,-0.48493,0.1601,-0.010696,-0.87765,-0.12748,-0.0012551,0.089906,0.81939,20.502,-1.011,-21.692,-0.65008,-7.3858,-0.19832,-33.635,-0.47995,0.12727,-0.0068862,-0.87192,-0.133,-0.0045612,0.083759,0.83424,22.019,-1.6928,-20.937,-0.72778,-7.4524,0.24656,-31.608
8.7,-0.45854,0.15483,0.0063898,-0.87571,-0.12598,-0.0097757,0.074316,1.0341,24.312,-2.2977,-22.936,0.9397,-7.9669,0.93555,-31.852,-0.4611,0.14947,-0.010219,-0.85796,-0.12803,0.0011094,0.071924,0.52332,21.308,-1.3094,-21.332,-0.47945,-5.7615,-1.9499,-32.623
8.8,-0.44501,0.1409,-0.012272,-0.86747,-0.12764,0.0026181,0.083333,0.3745,22.639,-0.94133,-21.852,1.4154,-7.8016,-1.7812,-32.853,-0.46438,0.13511,0.011197,-0.8804,-0.12973,-0.008258,0.076015,1.036,22.844,-0.42671,-21.025,-0.044645,-3.328,-1.2714,-32.617
8.9,-0.46627,0.1515,-0.022486,-0.88861,-0.13181,0.0032795,0.074009,1.3712,23.483,-0.73429,-21.842,3.5337,-6.3057,-0.63936,-34.398,-0.45984,0.15247,0.00011769,-0.88278,-0.12617,0.0031204,0.076331,2.3297,21.286,0.3096,-20.684,0.90239,-4.7682,0.7807,-33.94
9,-0.4362,0.16506,-0.0096805,-0.86537,-0.12737,-0.0054572,0.081595,2.1104,20.955,0.83295,-22.229,1.3806,-7.6321,-0.086117,-34.679,-0.47382,0.15546,-0.017586,-0.87737,-0.12545,0.0050846,0.071515,0.45544,22.836,-2.6893,-22.214,4.1669,-3.9092,-1.2986,-33.583
9.1,-0.44829,0.16071,-0.034357,-0.88459,-0.13328,-0.0059983,0.076754,0.5097,22.101,-0.19524,-22.014,-0.64832,-6.9581,0.48604,-33.263,-0.44717,0.15554,-0.02231,-0.89374,-0.13136,-0.0047433,0.082083,1.6882,22.487,0.20562,-23.576,2.3957,-4.934,0.29443,-32.499
9.2,-0.44411,0.17365,1.7973e-05,-0.87636,-0.12812,0.0034989,0.076286,-0.53224,24.409,-1.0855,-22.845,1.6611,-5.2784,2.0064,-33.061,-0.43924,0.15469,-0.0129,-0.86606,-0.12671,-0.0018463,0.076251,0.55289,22.946,0.090023,-23.416,1.8896,-4.5851,-1.9041,-35.178
9.3,-0.42001,0.15407,-0.014662,-0.86531,-0.1235,0.0025985,0.083306,0.32019,23.799,-1.945,-25.71,1.3516,-5.7443,-0.19706,-34.663,-0.43516,0.14029,0.0011663,-0.89626,-0.12022,0.0011586,0.069903,1.2163,24.186,-1.7266,-24.088,1.7536,-3.1379,-1.4736,-35.377
9.4,-0.40925,0.1655,-0.033823,-0.90012,-0.13147,0.0074271,0.075033,0.69571,25.086,-2.1871,-22.669,0.22654,-6.4955,-0.90126,-32.531,-0.41782,0.15701,-0.0082816,-0.89727,-0.13984,-4.4621e-05,0.079229,1.4258,20.925,-2.1628,-24.862,2.2862,-2.0564,-0.69253,-36.025
9.5,-0.43603,0.17095,-0.039847,-0.89237,-0.13562,0.00071573,0.081851,0.036247,23.121,0.11154,-24.285,-0.76849,-4.6064,-1.166,-34.214,-0.41725,0.16324,-0.026417,-0.88637,-0.13673,0.0018458,0.071095,1.2589,22.132,-1.2522,-23.159,1.1951,-1.8245,-0.108,-34.635
9.6,-0.40189,0.16027,-0.02147,-0.87557,-0.13441,-0.0042127,0.067458,1.3209,24.39,-0.25573,-25.48,-0.85031,-4.2572,-0.43071,-33.675,-0.42572,0.15815,-0.029927,-0.90023,-0.13231,-0.0060874,0.072234,0.38995,25.91,-0.8247,-25.991,2.2736,-1.1318,-0.51303,-34.122
9.7,-0.41122,0.18548,-0.03599,-0.90105,-0.14552,-0.00040143,0.073415,1.5684,25.827,-0.14479,-24.331,0.99075,-5.6436,-0.34256,-32.581,-0.40131,0.17064,-0.01646,-0.89598,-0.13268,0.0047557,0.070616,-1.5152,23.144,-0.74075,-24.452,0.72634,-2.8913,-1.4492,-33.723
9.8,-0.40444,0.18473,-0.018041,-0.91388,-0.14063,-0.00062252,0.070404,0.22287,26.018,-0.10497,-24.983,0.62967,-3.8604,-1.0117,-30.545,-0.40136,0.16398,-0.020986,-0.89186,-0.13937,-0.0010771,0.067092,0.25707,25.323,-1.8537,-25.685,1.0608,-2.2258,-1.3201,-37.713
9.9,-0.36565,0.17097,-0.047123,-0.92364,-0.13168,-0.00068792,0.073633,-0.7872,24.849,-0.38276,-25.941,2.0872,-5.209,-0.63513,-32.63,-0.39536,0.17592,-0.0079315,-0.91106,-0.14175,0.0044113,0.069199,-1.3143,25.739,-2.6745,-26.366,0.59344,-0.48502,-0.5879,-36.166
10,-0.38503,0.17061,-0.043766,-0.89419,-0.13712,0.0010902,0.076327,0.60541,26.343,-1.9749,-24.972,-0.049819,-2.2272,-0.20597,-33.703,-0.39211,0.17235,-0.027019,-0.90438,-0.14003,-0.0017578,0.076223,-0.31926,24.11,-2.556,-25.568,1.5265,-3.8397,0.61553,-33.305
10.1,-0.37921,0.17031,-0.02507,-0.91476,-0.13986,0.0055944,0.074363,-0.20561,27.129,-2.45,-27.556,-0.095047,-2.4222,1.4837,-32.925,-0.37133,0.16835,-0.020926,-0.90797,-0.14946,-0.0039058,0.07336,1.9594,26.952,-0.92775,-25.08,1.183,0.13188,2.0594,-35.517
10.2,-0.36999,0.18152,-0.034246,-0.91266,-0.14275,0.0093383,0.059643,1.6852,26.302,-1.6153,-26.214,1.6391,-5.0491,-2.2583,-32.291,-0.37566,0.16561,-0.032619,-0.92066,-0.13989,0.004776,0.06292,-0.4165,26.85,-0.81625,-27.926,1.9324,-1.633,-1.9114,-33.997
10.3,-0.36982,0.17202,-0.056079,-0.93733,-0.13464,0.0090792,0.06393,3.2682,25.258,-0.039922,-30.741,-1.4245,-4.0177,0.96856,-30.414,-0.36634,0.15315,-0.042231,-0.90514,-0.1427,0.0093478,0.061998,-0.05866,26.493,-2.101,-29.23,0.89436,-1.3233,-0.39267,-35.636
10.4,-0.36222,0.17961,-0.052515,-0.9147,-0.13109,0.008627,0.060245,0.57123,27.149,-0.964,-29.804,1.1258,-0.63768,1.2545,-31.828,-0.37845,0.17088,-0.026144,-0.92072,-0.14045,0.0041242,0.06227,-0.26394,26.291,-1.8491,-27.853,0.49076,0.35526,0.90549,-34.906
10.5,-0.35776,0.16588,-0.038436,-0.93266,-0.14157,0.012655,0.056687,2.3799,28.083,-2.0749,-28.847,0.75787,-0.90474,1.7786,-32.287,-0.34628,0.14906,-0.047231,-0.92293,-0.14357,0.0027388,0.064008,-0.4328,26.128,-0.17913,-28.929,-0.64809,2.101,0.087494,-34.61
10.6,-0.34147,0.19535,-0.056952,-0.90596,-0.1422,0.015262,0.064789,1.0213,25.337,-2.2158,-29.13,0.80651,-2.4465,0.7951,-31.517,-0.34287,0.17252,-0.040704,-0.93283,-0.14384,0.02299,0.062998,0.37613,29.5,-0.58858,-27.341,1.1892,2.0877,0.26077,-32.36
10.7,-0.34433,0.18325,-0.032202,-0.93067,-0.14215,0.019088,0.056881,-1.399,25.999,-1.5744,-29.515,0.62328,-1.9422,2.3112,-31.639,-0.34294,0.15434,-0.033964,-0.93306,-0.14717,0.0077081,0.056006,1.4262,24.999,-1.2596,-28.272,1.058,0.42591,1.8464,-35.051
10.8,-0.31867,0.18215,-0.035642,-0.92369,-0.14187,0.017674,0.059815,-0.95228,26.619,-3.0971,-28.142,2.2643,-1.5602,1.3208,-30.134,-0.3217,0.1847,-0.057752,-0.92739,-0.1419,0.011104,0.056171,1.1135,27.106,-2.4332,-28.018,1.7155,1.6746,0.11144,-33.45
10.9,-0.33302,0.1849,-0.063385,-0.92692,-0.14327,0.014811,0.061277,1.4409,27.839,-2.5894,-30.147,0.44956,-0.37978,-1.4192,-29.747,-0.31911,0.17744,-0.056294,-0.93424,-0.14178,0.017918,0.047642,0.97513,28.055,1.5769,-29.265,1.6193,2.0615,1.2024,-32.533
11,-0.31346,0.19614,-0.047717,-0.92051,-0.13883,0.015741,0.065519,3.1214,28.372,-2.7596,-29.711,0.46819,-1.5562,1.8554,-31.356,-0.31427,0.17426,-0.032445,-0.91739,-0.14229,0.018867,0.053422,1.0009,27.725,0.64171,-29.018,2.3022,1.5859,0.72859,-33.469
11.1,-0.30295,0.18837,-0.057765,-0.92697,-0.14874,0.019226,0.055743,1.1324,27.834,-2.3285,-32.178,1.4353,-0.46937,0.35837,-30.055,-0.29336,0.17884,-0.025134,-0.94718,-0.14401,0.013778,0.051079,1.3209,27.524,0.30086,-31.117,-0.28768,3.1084,0.97838,-32.381
11.2,-0.29098,0.18716,-0.062936,-0.93744,-0.13708,0.017473,0.05698,0.53956,26.836,-1.6997,-29.513,-0.50625,-1.6358,0.34703,-28.72,-0.30067,0.1706,-0.050944,-0.93233,-0.14166,0.014129,0.054965,0.16302,27.224,-0.38633,-30.164,1.6146,4.1574,-0.090426,-32.81
11.3,-0.27923,0.1828,-0.048552,-0.95536,-0.12716,0.01625,0.055634,1.9335,29.111,-1.4141,-30.547,2.9136,3.0242,0.1458,-29.711,-0.31016,0.1465,-0.022957,-0.94048,-0.1435,0.025067,0.04402,0.27883,28.744,-1.4572,-31.811,0.071698,2.8587,-0.6984,-32.447
11.4,-0.28383,0.18521,-0.053867,-0.94334,-0.13919,0.028991,0.055081,-0.018188,29.022,-3.4722,-30.069,0.78867,1.2241,0.70432,-30.05,-0.2867,0.18039,-0.031683,-0.9458,-0.1475,0.015667,0.051325,-0.062358,27.587,-2.16,-32.25,1.1305,5.1828,-0.31459,-31.086
11.5,-0.28371,0.17767,-0.044194,-0.94856,-0.14395,0.016205,0.051828,1.9162,27.137,-1.4279,-31.325,2.827,0.89619,0.48691,-29.675,-0.27634,0.17816,-0.052474,-0.94897,-0.13894,0.035623,0.047921,1.364,27.715,-1.2396,-30.38,1.9139,3.3004,0.044666,-30.418
11.6,-0.27811,0.16543,-0.060072,-0.93656,-0.1419,0.020898,0.060383,-0.0090259,28.104,-2.6671,-31.988,1.7229,1.2078,1.658,-29.104,-0.26619,0.16997,-0.057847,-0.93732,-0.13726,0.033082,0.05399,0.44511,28.286,-3.6384,-30.84,1.2844,3.0008,1.9023,-31.785
11.7,-0.27409,0.19923,-0.064607,-0.95194,-0.13401,0.027009,0.042028,1.0653,29.559,-2.4236,-33.988,-1.2956,0.78879,0.92272,-27.938,-0.25883,0.16048,-0.045797,-0.94314,-0.14089,0.030399,0.048628,2.8251,28.353,0.081918,-33.524,2.7582,4.5041,1.5854,-30.958
11.8,-0.26118,0.19502,-0.075035,-0.93546,-0.13552,0.021965,0.042283,0.73679,28.897,-0.24659,-32.063,0.58287,0.55244,0.51939,-27.181,-0.27044,0.18126,-0.048766,-0.94197,-0.14156,0.026605,0.038764,1.0889,28.136,-2.2559,-31.286,1.8638,4.8255,1.4465,-30.599
11.9,-0.24206,0.18274,-0.077675,-0.95395,-0.13869,0.035347,0.046159,1.2096,28.735,-0.36964,-35.034,1.6565,-0.67365,0.69318,-27.613,-0.21684,0.1695,-0.029149,-0.96524,-0.14723,0.021943,0.041025,-1.1972,30.191,-0.73819,-34.529,1.8689,3.0687,1.425,-27.906
12,-0.23641,0.16731,-0.063911,-0.94693,-0.1388,0.035824,0.053932,-0.36006,29.842,-0.6946,-33.901,1.5895,1.7643,3.0831,-26.731,-0.22563,0.18916,-0.029117,-0.96602,-0.15259,0.023144,0.038085,0.96462,30.319,-1.5845,-34.101,1.6773,4.16,2.4319,-28.537
12.1,-0.23294,0.18937,-0.068646,-0.95222,-0.14134,0.031422,0.044925,1.3653,30.223,-2.5437,-34.092,0.7085,3.528,0.7406,-27.471,-0.24219,0.17614,-0.054743,-0.95503,-0.14316,0.027332,0.038904,0.22538,28.82,-0.18162,-34.299,1.7686,7.1728,-1.1748,-28.142
12.2,-0.23215,0.18623,-0.070355,-0.94937,-0.14643,0.033991,0.030349,1.7998,29.9,-0.7977,-36.965,1.9298,3.1768,1.3475,-26.29,-0.22912,0.18043,-0.059376,-0.94554,-0.14533,0.032447,0.046241,0.18811,30.161,-0.81327,-35.897,2.759,4.068,-0.24597,-28.583
12.3,-0.21825,0.17917,-0.066408,-0.96014,-0.15297,0.034508,0.038525,0.15118,29.903,-0.41912,-35.848,-0.14082,1.7346,0.9502,-26.971,-0.22385,0.181,-0.057792,-0.95501,-0.15094,0.032536,0.037703,0.21627,29.39,-0.63196,-34.301,1.6643,8.3964,0.57484,-29.75
12.4,-0.21501,0.20679,-0.075601,-0.94192,-0.13628,0.03632,0.033211,-0.066423,29.355,-3.0392,-34.902,0.64167,3.99,2.0287,-25.271,-0.2141,0.16896,-0.075535,-0.97036,-0.14747,0.043803,0.036507,-0.55025,30.409,-2.9237,-36.545,1.4563,4.1589,-0.33246,-28.337
12.5,-0.21624,0.16591,-0.076628,-0.95148,-0.13776,0.039027,0.032767,1.3665,29.93,0.04867,-36.084,1.8246,2.075,2.0493,-24.845,-0.2067,0.16758,-0.048426,-0.94986,-0.14832,0.02637,0.035358,1.7992,30.747,-0.63205,-36.435,-0.24351,7.935,0.96968,-28.231
12.6,-0.18828,0.18462,-0.075677,-0.96462,-0.14737,0.032606,0.032622,2.5125,32.556,-2.3757,-36.808,0.38979,5.5261,-0.23203,-24.165,-0.19962,0.173,-0.057798,-0.97436,-0.14425,0.031075,0.030693,-3.0183,31.342,-0.071111,-34.082,1.6927,6.4649,0.014354,-27.853
12.7,-0.18625,0.16439,-0.080738,-0.98122,-0.14438,0.035589,0.032447,1.083,31.124,-1.6087,-36.947,1.2351,3.7983,0.60343,-23.955,-0.1873,0.15534,-0.064773,-0.95964,-0.14306,0.035662,0.034269,1.0883,31.343,-1.5207,-35.976,0.68415,8.7811,0.18534,-27.658
12.8,-0.18883,0.16436,-0.076298,-0.96208,-0.13899,0.033696,0.029788,0.52369,31.134,-0.97008,-36.254,-0.89589,4.2061,0.92352,-22.498,-0.19293,0.17069,-0.063374,-0.96835,-0.15461,0.032812,0.028455,0.97838,33.37,-0.77236,-35.965,0.89548,7.0485,0.31615,-26.525
12.9,-0.17923,0.20251,-0.078341,-0.97336,-0.14479,0.04601,0.038598,1.5463,30.032,-0.78296,-38.875,2.999,5.7414,0.45989,-24.74,-0.17359,0.1635,-0.057106,-0.97809,-0.14742,0.050043,0.022386,-0.68246,32.885,-2.2261,-37.952,1.2936,9.9393,0.42456,-27.367
13,-0.15656,0.19299,-0.086569,-0.9758,-0.14735,0.041437,0.034616,1.4411,31.144,-1.0057,-36.813,1.2529,3.4487,0.33931,-23.547,-0.15895,0.14509,-0.070043,-0.96513,-0.14958,0.050236,0.028273,1.318,33.183,-2.1339,-36.839,0.87846,7.0735,0.58735,-27.066
13.1,-0.17557,0.18409,-0.096984,-0.95183,-0.14552,0.044136,0.037306,1.8397,32.366,-1.5078,-37.648,1.6748,6.5255,-0.18284,-24.061,-0.1811,0.14626,-0.069134,-0.97036,-0.14496,0.043613,0.026868,0.90064,30.374,-1.9184,-37.707,0.92137,9.833,-0.67639,-27.76
13.2,-0.15264,0.17283,-0.067653,-0.96814,-0.14961,0.05687,0.027244,1.3136,34.122,-1.6916,-40.329,1.449,4.8242,1.014,-23.286,-0.14599,0.14718,-0.068954,-0.96857,-0.15617,0.042422,0.024096,0.78489,30.232,-0.031956,-39.797,1.0656,9.0096,1.6523,-24.196
13.3,-0.1652,0.16085,-0.092569,-0.95885,-0.14842,0.056425,0.028006,0.080116,33.802,-0.011457,-39.225,0.010258,6.4269,1.9733,-23.457,-0.13634,0.15957,-0.077286,-0.96558,-0.15654,0.036689,0.028855,1.1894,32.179,-1.0501,-40.063,0.3186,8.6291,0.76574,-26.17
13.4,-0.12148,0.17863,-0.080973,-0.98129,-0.15031,0.054271,0.023355,-0.67914,32.144,-0.30141,-39.641,2.4558,6.6105,0.83181,-22.482,-0.13988,0.15994,-0.054482,-0.98137,-0.1478,0.04986,0.022659,-0.65057,33.191,-2.2188,-39.077,-1.8154,10.197,0.22138,-26.064
13.5,-0.14344,0.15561,-0.057989,-0.99184,-0.13601,0.051976,0.029512,-1.2807,32.53,-0.9802,-40.62,1.9251,5.5239,0.84982,-21.888,-0.13536,0.16617,-0.073135,-0.9863,-0.14623,0.047457,0.017789,-1.9311,32.872,-0.31097,-39.669,1.9515,11.168,2.1317,-25.675
13.6,-0.11324,0.14873,-0.080496,-0.97977,-0.14683,0.051887,0.027457,1.1231,33.129,-3.4522,-41.345,0.13069,6.2371,1.248,-22.746,-0.11855,0.15252,-0.067746,-0.97602,-0.14785,0.045905,0.021428,-0.2001,29.559,-0.009825,-39.646,1.1823,8.2774,1.4306,-23.877
13.7,-0.13371,0.15507,-0.070383,-1.0021,-0.13598,0.062268,0.015759,-0.90877,32.809,0.34617,-42.35,1.7936,4.6487,-0.16624,-21.431,-0.11202,0.16092,-0.072462,-0.97896,-0.14103,0.050068,0.022334,-0.62992,33.441,-0.7351,-40.285,1.1504,12.199,-0.72589,-24.647
13.8,-0.10801,0.14012,-0.087466,-0.98575,-0.13854,0.058888,0.016536,-3.4012,32.121,-0.76421,-42.25,-0.73388,6.7011,1.0389,-21.501,-0.12913,0.14351,-0.061979,-0.99416,-0.14773,0.056925,0.016616,-1.6283,31.727,-1.3278,-42.312,1.2107,9.28,-0.43376,-25.138
13.9,-0.099065,0.1674,-0.074705,-0.99802,-0.13322,0.060441,0.020737,-0.6924,30.111,-1.5851,-40.503,-1.011,6.9911,-0.67343,-20.851,-0.097137,0.12814,-0.069654,-0.98833,-0.1277,0.062697,0.0086197,-1.2731,31.237,-1.0546,-41.559,3.8352,10.179,-0.46935,-23.377
14,-0.092689,0.13978,-0.077231,-0.99704,-0.12463,0.064872,0.029033,-1.4732,29.958,0.34393,-43.035,2.5585,8.7466,1.009,-21.719,-0.082989,0.16288,-0.060791,-0.97322,-0.14191,0.049497,0.019143,-1.8482,31.218,-1.4711,-42.408,0.45648,10.475,-0.12733,-23.434
14.1,-0.088877,0.14975,-0.096048,-0.98948,-0.1244,0.055981,0.019728,-1.1055,29.232,-1.0178,-42.445,1.6393,8.3966,0.53432,-20.984,-0.07678,0.12577,-0.066536,-0.98929,-0.1388,0.066352,0.012449,-1.0384,28.901,-1.3651,-42.724,0.57289,11.892,1.6108,-25.384
14.2,-0.072477,0.13867,-0.084736,-0.9818,-0.1275,0.066912,0.014415,-0.1571,28.223,-1.55,-44.574,2.5,11.378,1.7938,-19.323,-0.080509,0.12186,-0.073915,-0.99604,-0.1355,0.056283,0.0062165,-1.7901,30.145,0.01999,-43.378,0.59097,12.25,1.123,-23.404
14.3,-0.070072,0.16147,-0.073176,-0.97394,-0.12354,0.065101,0.015638,-1.9652,29.069,-2.1324,-42.935,0.23207,8.4654,0.22563,-18.875,-0.089639,0.15036,-0.06322,-0.97095,-0.12591,0.064896,0.012818,-1.4754,26.59,-1.6941,-41.634,0.43649,11.656,1.4207,-22.052
14.4,-0.052416,0.15316,-0.087999,-0.99207,-0.11949,0.069963,0.011595,-0.97112,28.694,-1.636,-43.153,0.50379,8.0283,0.74645,-19.827,-0.075922,0.13764,-0.061113,-0.99143,-0.12792,0.061905,0.0091972,-1.6412,27.655,-0.54999,-43.885,0.55383,9.4268,-0.26832,-22.041
14.5,-0.043641,0.1473,-0.083074,-1.0062,-0.12857,0.066177,0.0079159,-2.9119,28.306,0.066734,-44.153,0.72681,10.713,2.2432,-19.346,-0.0651,0.12889,-0.077153,-0.9734,-0.13331,0.067156,0.0072047,-3.4516,28.732,0.60988,-44.248,0.54867,12.764,1.4547,-20.774
14.6,-0.067601,0.13925,-0.073875,-0.99044,-0.12127,0.07378,0.01167,-3.385,27.535,-2.2801,-44.057,-1.7863,7.5959,-1.8915,-20.631,-0.050149,0.14155,-0.062503,-0.97731,-0.12851,0.069715,0.013855,-0.89143,25.775,-1.2761,-44.415,0.80397,12.76,1.3147,-21.802
14.7,-0.054218,0.14942,-0.10108,-0.99861,-0.11778,0.080446,0.015991,-1.6069,28.007,-2.6584,-46.362,0.025599,9.3071,2.7992,-17.607,-0.024309,0.12725,-0.056755,-0.98614,-0.12079,0.065444,0.0090554,-1.4795,29.12,-0.50056,-45.783,-0.52041,13.833,2.1018,-22.241
14.8,-0.029899,0.13323,-0.095547,-0.98157,-0.11959,0.069821,0.0029674,-0.14471,27.565,-2.651,-45.591,1.4582,9.8537,0.21033,-17.681,-0.029929,0.11246,-0.045827,-0.97307,-0.11728,0.069785,0.0088168,-0.46929,26.756,-1.3011,-45.679,2.3013,12.999,0.49486,-21.124
14.9,-0.035048,0.13119,-0.088866,-0.97504,-0.12228,0.076219,0.0090938,-1.0066,26.201,-1.1501,-46.368,0.46388,9.4319,-0.52181,-19.899,-0.026767,0.12424,-0.062184,-0.99444,-0.11887,0.08119,-0.0047769,-1.1924,25.661,-0.39856,-44.959,1.3497,12.711,2.0746,-21.262
15,-0.033136,0.12876,-0.068043,-0.99235,-0.12295,0.077554,0.0078547,-0.87692,26.142,-0.67768,-47.837,1.3406,11.159,1.8324,-18.994,-0.021029,0.13503,-0.057577,-0.98472,-0.1175,0.066507,0.00093706,-1.2597,27.69,-0.49079,-45.402,0.40034,13.624,2.0332,-20.216
15.1,-0.010499,0.1525,-0.082802,-0.99774,-0.11079,0.075449,0.0030159,-1.1642,24.795,-1.0963,-45.848,1.9821,11.337,-2.152,-17.313,-0.016634,0.11034,-0.052139,-0.9917,-0.11048,0.074815,0.0010152,-1.6824,25.347,-2.1329,-45.243,1.6085,13.264,-0.57113,-19.958
15.2,-0.016807,0.11506,-0.080098,-0.99251,-0.11232,0.074634,0.00092693,-1.6127,25.367,-1.4126,-46.141,-0.7133,9.9107,0.60808,-16.485,-0.024371,0.11887,-0.059755,-0.9847,-0.12123,0.07894,0.00023074,-1.3303,23.922,-3.7071,-48.574,0.12112,14.84,0.81443,-19.745
15.3,-0.00064478,0.12489,-0.089886,-0.9835,-0.10497,0.074668,0.00094861,-1.3981,23.631,0.41578,-46.898,0.86802,11.485,2.0494,-15.154,-0.011747,0.10587,-0.065106,-0.99632,-0.10937,0.072805,0.0045782,-0.95755,23.91,-0.94717,-47.556,0.48428,15.654,0.26704,-19.573
15.4,-0.0070541,0.13493,-0.079401,-0.98226,-0.10347,0.083071,0.0027628,-0.85911,23.403,-0.98687,-48.449,-0.67949,12.817,-0.72459,-16.601,0.0079187,0.11373,-0.054223,-0.99079,-0.10443,0.079521,-0.0078825,-1.2595,22.747,-2.0315,-45.99,0.60601,15.659,0.12707,-20.368
15.5,0.0056495,0.10629,-0.086021,-1.0075,-0.1061,0.078303,0.013563,-2.5463,21.527,-2.053,-48.056,0.74024,11.993,-0.78713,-15.443,0.0058959,0.10802,-0.062405,-0.98435,-0.10518,0.085966,-0.00088207,-1.3528,22.201,-2.3165,-48.63,0.95639,15.377,1.4415,-18.189
15.6,0.015907,0.10441,-0.085381,-0.9935,-0.10813,0.08091,0.0004714,0.67204,23.09,0.80562,-48.382,1.5097,11.276,-0.044418,-17.712,0.024229,0.083095,-0.059692,-1.0127,-0.10836,0.084659,-0.0094863,-1.3241,21.996,-1.8496,-48.488,-0.25484,15.596,1.0012,-17.202
15.7,-0.0016827,0.12809,-0.064974,-0.96674,-0.10044,0.087127,-0.0054073,-2.5294,21.282,-2.5119,-47.964,0.71663,10.707,2.2098,-16.871,0.033709,0.11017,-0.051234,-0.98687,-0.10058,0.079109,-0.0020767,-0.43257,23.412,-1.6284,-48.092,-0.042278,15.935,0.31686,-18.991
15.8,0.027613,0.10325,-0.081672,-0.98538,-0.095129,0.08905,-0.011668,-2.2711,22.766,-0.54904,-49.365,2.1838,12.758,1.3593,-14.854,0.0073236,0.083867,-0.05953,-1.0072,-0.095453,0.080406,-0.0054778,-1.256,21.347,-0.9227,-48.798,1.5469,17.262,0.10487,-18.489
15.9,0.026925,0.0865,-0.072507,-0.9687,-0.095043,0.075541,-0.0040609,-1.2897,21.629,-1.5976,-48.181,1.9509,13.312,0.77818,-13.613,0.025416,0.089091,-0.05623,-1.0167,-0.096328,0.078591,0.0010072,-1.5703,20.797,-0.70308,-48.379,0.28006,15.68,0.89369,-16.198
16,0.03664,0.095944,-0.081678,-1.0012,-0.092365,0.093305,-0.013889,-0.94044,22.235,-0.021768,-49.657,-0.62364,13.676,1.7872,-14.906,0.019398,0.087369,-0.049644,-1.0041,-0.095095,0.078433,-0.012547,0.39822,20.263,-0.64237,-48.848,1.0167,17.964,0.57949,-18.138
16.1,0.040945,0.10298,-0.068129,-0.98279,-0.090807,0.098899,-0.0074141,-0.072432,22.599,-0.61689,-47.883,0.76217,13.068,-0.78674,-15.409,0.041312,0.098705,-0.029941,-0.99913,-0.088326,0.083937,-0.0080167,-1.2147,20.096,-0.28618,-49.294,1.9522,16.505,1.3439,-15.942
16.2,0.036796,0.079474,-0.068407,-1.0019,-0.090381,0.080595,-0.010509,-0.55505,20.753,0.80324,-49.736,1.3128,12.901,0.64599,-12.803,0.041781,0.066539,-0.052124,-0.99683,-0.097439,0.081796,-0.011674,-2.0428,18.384,1.0193,-49.41,0.51855,15.907,-0.16282,-16.737
16.3,0.037131,0.083146,-0.060533,-0.97768,-0.08535,0.088287,-0.011763,-0.4911,21.368,-0.27656,-51.784,-0.43232,12.913,2.4291,-13.405,0.057914,0.059981,-0.053224,-1.0029,-0.087211,0.092605,-0.0090649,-1.0691,20.919,-0.86243,-49.601,-0.34103,16.389,1.5584,-16.157
16.4,0.041316,0.080949,-0.077219,-1.0005,-0.087029,0.088031,-0.0073655,-1.0767,19.337,-0.55955,-50.021,0.096811,15.065,0.39969,-12.733,0.032226,0.079007,-0.055921,-0.986,-0.095124,0.084735,-0.013865,-1.4437,15.978,-0.47192,-49.804,2.5008,16.581,0.29665,-15.105
16.5,0.056946,0.051756,-0.056871,-0.98497,-0.093348,0.094683,-0.0073999,0.90084,16.957,1.5574,-50.134,-0.23063,14.619,0.36655,-11.955,0.051697,0.065645,-0.043004,-0.98874,-0.086181,0.081976,-0.012214,-2.5556,19.412,1.4155,-48.493,2.0853,18.697,0.21654,-15.005
16.6,0.045039,0.056855,-0.082929,-0.99354,-0.081372,0.086464,-0.0096415,-2.5542,18.301,2.19,-50.213,0.82437,13.681,0.7054,-11.369,0.054529,0.070523,-0.052253,-1.002,-0.077808,0.080812,-0.012522,-0.60285,18.885,2.5184,-47.781,-0.47291,17.95,2.2673,-15.532
16.7,0.058401,0.072667,-0.075656,-1.0088,-0.076181,0.094279,-0.011485,0.33926,17.844,0.9136,-50.281,1.1006,15.001,2.9278,-11.087,0.073189,0.062242,-0.044058,-1.0137,-0.081183,0.078846,-0.016925,-1.6135,17.816,1.0491,-49.907,-0.82268,18.611,0.69945,-15.023
16.8,0.051038,0.053743,-0.05598,-1.0038,-0.082435,0.079552,-0.013567,1.3901,17.376,-0.30827,-49.051,2.4244,13.988,0.89841,-11.074,0.069315,0.052795,-0.037213,-0.97823,-0.069986,0.084524,-0.021613,-0.95977,14.154,-1.0912,-48.489,0.028921,19.877,1.5519,-14.506
16.9,0.060013,0.052624,-0.063954,-0.98646,-0.069638,0.088783,-0.015628,-2.6286,17.772,1.3574,-49.082,1.5973,15.816,0.49061,-13.157,0.067593,0.05187,-0.041139,-0.99405,-0.073096,0.082786,-0.018054,-1.2628,16.613,0.92898,-47.438,0.13159,19.369,0.66082,-13.311
17,0.073342,0.055801,-0.073625,-0.98716,-0.065465,0.082906,-0.017668,-1.2743,16.812,0.30542,-49.6,1.0129,17.437,1.3492,-11.461,0.064047,0.044057,-0.036736,-0.98623,-0.077395,0.088613,-0.017438,-2.3269,16.652,0.87565,-47.928,1.1111,19.585,0.42727,-13.608
17.1,0.067137,0.048365,-0.086374,-0.99475,-0.071437,0.094602,-0.016788,-0.43007,16.881,1.0185,-48.161,0.76785,13.786,1.1005,-11.544,0.080676,0.034072,-0.03732,-1.002,-0.066391,0.086315,-0.013705,-0.17141,15.559,-0.46213,-47.373,0.98378,18.174,2.3126,-12.703
17.2,0.083677,0.051906,-0.067409,-1.0022,-0.082335,0.095267,-0.010634,-0.97824,16.415,1.3394,-48.364,0.9615,15.407,1.9081,-12.075,0.092941,0.043769,-0.04147,-0.9978,-0.068891,0.078259,-0.026439,-1.303,14.14,0.15095,-48.542,0.20832,18.319,0.2875,-11.474
17.3,0.091001,0.030456,-0.056731,-0.98769,-0.069959,0.082286,-0.020731,-2.7586,13.48,-0.6442,-48.237,1.061,16.538,0.60164,-9.6295,0.080387,0.022483,-0.03274,-0.9838,-0.071746,0.078605,-0.015539,-1.5379,14.439,1.0272,-47.632,-0.45581,18.265,-0.23333,-14.34
17.4,0.097531,0.026407,-0.06972,-0.97592,-0.068437,0.090293,-0.022972,-1.4133,15.695,1.941,-48.65,0.15606,15.735,0.83954,-9.7401,0.09224,0.0093923,-0.045853,-0.99877,-0.061188,0.078959,-0.027668,-1.0929,16.082,1.6615,-46.361,2.0431,18.268,2.0608,-14.211
17.5,0.091143,0.033085,-0.089927,-0.99493,-0.052006,0.084833,-0.015909,-0.18005,12.453,-0.35486,-47.532,1.6876,16.231,0.066296,-9.009,0.080486,0.0027106,-0.023004,-0.98952,-0.057652,0.085588,-0.025206,-0.8443,13.929,-0.90032,-46.036,-0.11417,20.052,2.1378,-13.235
17.6,0.08913,0.023524,-0.053501,-1.0042,-0.060639,0.081447,-0.016829,-0.96904,14.815,0.0037065,-47.651,1.8632,16.12,0.98172,-7.9821,0.097533,0.0079382,-0.040116,-0.97781,-0.066354,0.07624,-0.020394,-2.7058,15.456,0.93677,-44.834,-0.70222,20.112,-0.59162,-10.217
17.7,0.10386,0.028422,-0.053705,-0.99891,-0.054744,0.085847,-0.021671,-2.4946,12.325,0.71934,-45.803,0.83921,17.748,-0.086964,-6.7249,0.11658,0.030071,-0.025451,-0.99961,-0.058227,0.069806,-0.033135,-0.85783,12.267,-0.89021,-44.699,-1.539,19.125,-0.14541,-12.057
17.8,0.085107,0.005121,-0.059673,-0.98747,-0.061693,0.085014,-0.020434,-2.1623,15.077,0.47944,-46.278,1.3879,16.559,0.44147,-7.8769,0.093671,-0.0065018,-0.010901,-1.0008,-0.060172,0.071924,-0.019692,-2.3973,13.421,-0.57245,-43.539,1.8976,18.575,1.0908,-10.038
17.9,0.095688,0.030471,-0.064357,-0.98984,-0.051154,0.080053,-0.016172,-1.904,12.311,1.5074,-45.214,-0.12839,17.476,2.5503,-8.9265,0.09878,-0.0036962,-0.037922,-0.99981,-0.054791,0.08326,-0.029326,-2.95,10.896,-0.28854,-43.633,-3.7798,20.47,0.48574,-12.245
18,0.11025,0.017457,-0.039148,-0.98683,-0.043962,0.081004,-0.028257,-1.6456,13.708,0.8074,-47.246,1.1238,17.028,1.4173,-6.4485,0.094635,0.00095729,-0.030727,-0.99381,-0.057235,0.078956,-0.019218,0.2623,11.992,1.0347,-45.251,0.2764,19.275,0.9785,-11.958
18.1,0.11175,0.01234,-0.054535,-0.99696,-0.052332,0.086071,-0.029574,-1.2428,12.022,1.3027,-44.564,1.5856,17.539,0.83288,-8.2379,0.11732,0.011775,-0.013194,-1.0055,-0.044579,0.081089,-0.030447,-1.6533,10.745,-1.5703,-45.044,-1.7255,20.279,2.5344,-8.296
18.2,0.089773,-0.001834,-0.047425,-0.99936,-0.052004,0.090233,-0.028347,-0.092925,11.35,0.60807,-46.719,-0.080919,18.96,0.28407,-6.1751,0.11436,-0.0048261,-0.051118,-0.9848,-0.045835,0.070794,-0.032168,-2.3339,12.934,-0.71994,-43.34,0.43621,18.735,-1.4858,-9.1211
18.3,0.11762,0.013515,-0.052924,-0.99569,-0.044259,0.088157,-0.018145,-0.33483,11.238,0.58073,-43.897,-0.53416,17.119,0.036563,-7.026,0.10517,0.01544,-0.0055663,-0.98381,-0.049289,0.069411,-0.027232,-2.7934,9.6827,-0.29758,-44.314,-1.3591,17.685,0.7431,-9.1999
18.4,0.10317,-0.0082126,-0.056099,-0.9856,-0.039555,0.083374,-0.02357,-2.8706,9.9624,0.72263,-45.087,1.7463,16.856,-0.60933,-6.1774,0.1192,-0.0045618,-0.018682,-0.95547,-0.042349,0.086741,-0.018505,-1.4431,9.4848,-0.59464,-41.922,-0.26153,17.642,2.0849,-6.1419
18.5,0.11488,-0.0063912,-0.044586,-1.0011,-0.034155,0.085482,-0.034313,-3.6003,10.507,-0.11427,-44.152,-0.70517,17.212,0.55366,-6.8481,0.12362,-0.027124,-0.016633,-0.98718,-0.046924,0.073282,-0.025695,-2.28,8.5606,2.0642,-43.126,0.029411,19.134,3.2189,-7.6436
18.6,0.11021,0.0023432,-0.039074,-0.97545,-0.033342,0.080309,-0.035319,-0.75948,11.429,0.46303,-44.055,-0.78764,20.209,0.42033,-5.9349,0.12954,-0.039414,-0.019764,-0.99483,-0.044525,0.072081,-0.023838,-1.2821,10.115,1.6789,-42.52,0.47837,20.145,1.1009,-8.2111
18.7,0.11665,-0.013569,-0.03551,-0.99785,-0.024447,0.075522,-0.033838,-1.4456,10.004,0.50023,-44.063,0.27643,18.836,-0.1929,-4.8872,0.10741,-0.024491,-0.013675,-0.99672,-0.031696,0.078694,-0.014651,-0.127,7.924,2.0168,-42.704,0.54591,17.715,2.8774,-8.2377
18.8,0.13743,-0.016113,-0.025914,-0.96911,-0.035376,0.078089,-0.034187,-1.5137,8.8324,0.39814,-43.364,0.51727,19.088,1.0788,-4.958,0.12214,-0.040968,-0.015863,-0.98603,-0.031715,0.073672,-0.036126,-1.332,8.6353,-0.079894,-42.788,-1.7052,18.591,1.0308,-7.2389
18.9,0.11037,-0.011681,-0.017754,-0.99283,-0.025179,0.088429,-0.028881,0.76025,9.2264,1.8883,-41.961,0.72987,18.67,3.2762,-5.1214,0.12776,-0.037632,-0.0088392,-0.99103,-0.035544,0.078817,-0.025101,-1.022,8.2296,-0.8557,-42.045,1.0624,17.898,-1.5915,-7.0447
19,0.11241,-0.022271,-0.031374,-0.99221,-0.030726,0.086886,-0.034435,-3.3072,8.9187,4.4448,-41.885,-0.77959,18.969,0.11683,-3.2733,0.11761,-0.043466,-0.024045,-0.97807,-0.03476,0.073386,-0.033188,-2.6751,7.848,-0.50084,-41.245,-0.1309,17.882,-0.049097,-8.0465
19.1,0.12642,-0.017296,-0.02859,-0.98899,-0.032529,0.081601,-0.038322,-0.94958,8.2558,0.31513,-42.39,-0.30861,17.755,-0.45921,-5.1915,0.123,-0.033576,0.0037893,-0.99563,-0.027581,0.071265,-0.020173,-1.1628,6.7203,0.43647,-40.013,-0.62573,17.452,2.1607,-9.3026
19.2,0.13391,-0.039763,-0.035398,-0.99321,-0.026435,0.082266,-0.029568,-0.89389,7.3362,-0.80932,-40.725,-0.071342,17.824,0.51211,-2.6092,0.12188,-0.057266,0.0069169,-0.99236,-0.026924,0.075969,-0.023752,-0.71101,5.4142,-0.35896,-39.064,2.0315,17.629,0.55262,-7.2068
19.3,0.14483,-0.036893,-0.047255,-0.98953,-0.028461,0.082419,-0.029312,-0.93806,5.5702,4.1747,-42.641,-0.085694,18.003,0.83118,-3.471,0.11886,-0.034441,-0.011707,-0.98963,-0.028305,0.078006,-0.024526,-1.0173,6.3661,-0.13783,-41.717,-0.62247,16.236,1.1841,-5.6392
19.4,0.13922,-0.035341,-0.01235,-1.0005,-0.024806,0.073191,-0.029451,-2.3115,7.36,-1.0028,-44.306,1.0622,15.717,0.65069,-3.8537,0.12448,-0.04857,-0.013368,-0.99418,-0.026344,0.07718,-0.026372,-1.6438,6.3612,1.6144,-40.289,1.8105,15.944,-1.4597,-6.2309
19.5,0.14471,-0.041966,-0.018969,-0.97943,-0.021842,0.074303,-0.030089,-1.0009,4.6617,1.3961,-40.81,-0.47626,16.744,1.2574,-6.0482,0.13616,-0.047133,0.00078762,-0.99752,-0.030294,0.067229,-0.025872,-2.2622,4.0162,0.66438,-38.707,0.072547,14.631,1.9142,-6.3946
19.6,0.14452,-0.050649,-0.00014546,-0.98094,-0.027019,0.078446,-0.032828,-3.6262,4.9726,-1.4978,-40.341,0.96237,17.767,-1.6233,-5.495,0.12653,-0.060348,-0.010511,-0.99572,-0.022967,0.070052,-0.017548,-1.729,5.2262,-0.60956,-39.681,0.38232,14.882,-2.3287,-7.5688
19.7,0.12146,-0.058386,-0.016294,-1.0118,-0.029191,0.079493,-0.039611,-2.8188,4.6415,0.3364,-40.989,-1.3161,15.158,0.38617,-2.4258,0.13218,-0.045739,0.0047397,-0.9917,-0.021445,0.06815,-0.020825,-1.1876,5.0476,1.5331,-38.288,-0.76149,16.415,-0.74086,-8.5047
19.8,0.1406,-0.046234,-0.010976,-0.98685,-0.0067546,0.067868,-0.033236,-1.0288,4.3404,-1.0438,-39.777,-0.79335,17.708,0.31871,-3.6317,0.12862,-0.068094,-0.011839,-1.0019,-0.023508,0.058725,-0.020081,-0.64132,4.7134,0.8818,-37.654,0.55067,14.631,-1.0848,-7.441
19.9,0.15853,-0.063211,-0.011727,-0.97413,-0.013001,0.074228,-0.030405,-1.4634,3.4786,1.0363,-39.359,-0.34928,17.88,-1.7561,-2.8286,0.14484,-0.083693,0.012376,-1.0039,-0.015277,0.058775,-0.017101,0.075402,1.2997,1.1378,-38.628,0.99408,15.08,0.97531,-6.7258
20,0.13784,-0.062417,-0.016912,-0.99269,-0.013197,0.080286,-0.026697,-0.064179,3.4886,0.95493,-41.588,0.19089,16.885,1.1504,-4.9052,0.14574,-0.074286,0.011938,-0.96897,-0.015573,0.062335,-0.019984,-0.92826,3.2374,-0.12234,-38.393,0.15805,15.997,-0.98829,-8.6488
20.1,0.13146,-0.062775,-0.016022,-0.99,-0.0075631,0.067494,-0.02645,-2.2596,3.1481,1.228,-38.967,0.3392,15.542,-0.7649,-4.0414,0.13673,-0.07546,-0.0034628,-0.97447,-0.015388,0.067532,-0.024583,0.070496,3.7523,-0.52926,-37.08,-0.39201,16.383,-1.6941,-8.3522
20.2,0.13441,-0.091362,-0.0048493,-0.99567,-0.0037771,0.067229,-0.031081,-2.2673,1.5348,0.15928,-40.425,-0.63451,16.426,-0.18932,-2.6612,0.15397,-0.047922,-0.0025585,-0.96651,-0.007972,0.060502,-0.012259,-2.3769,2.2374,1.5361,-38.583,-0.0033341,14.472,-1.6473,-7.1073
20.3,0.1342,-0.065969,-0.022464,-0.98207,-0.014709,0.065052,-0.03283,-2.0387,3.0604,-0.45343,-39.567,-3.5565,17.357,-1.7266,-3.4018,0.13051,-0.082939,0.019889,-0.98353,-0.016329,0.059806,-0.02694,-2.2373,2.3353,0.48011,-35.094,-1.7951,14.515,-0.45573,-8.365
20.4,0.14805,-0.076883,0.0015688,-0.9873,-0.01011,0.065482,-0.022938,-2.4339,-0.12306,-0.11191,-39.61,-0.084563,16.29,-0.80094,-4.0948,0.15876,-0.072967,-0.0015135,-1.0194,-0.0057572,0.060929,-0.01815,0.60371,0.033869,-0.081549,-36.171,-1.3114,13.05,0.79889,-8.4333
20.5,0.15412,-0.071104,0.0084325,-0.97255,-0.013218,0.069395,-0.023692,0.17899,-0.20615,0.73857,-36.738,-1.2889,16.409,-1.1389,-5.2191,0.12474,-0.087605,0.021048,-0.98864,-0.0098428,0.063254,-0.013355,-3.3584,-0.49223,1.1376,-38.578,-0.37217,13.015,-1.121,-6.977
20.6,0.15061,-0.072727,-0.0022606,-0.98219,-0.0063604,0.069882,-0.0276,-1.8763,0.13274,2.1553,-39.634,-1.3566,17.04,-0.21249,-4.5651,0.14952,-0.07248,0.0067392,-0.97538,-0.012362,0.068288,-0.014846,-1.4577,0.12062,-0.77273,-36.881,1.1777,14.265,0.8647,-8.2548
20.7,0.13954,-0.10781,-0.0058798,-0.97196,-0.012193,0.056363,-0.026624,-1.3025,0.74377,1.2,-37.481,-1.8733,14.053,-0.028651,-5.4077,0.14673,-0.094088,0.010353,-0.9923,-0.010342,0.054537,-0.023214,-0.21255,-2.2127,2.0681,-34.59,-2.9162,10.944,-0.92464,-6.562
20.8,0.1373,-0.10177,0.0045668,-0.96835,-0.0019396,0.054975,-0.024156,-3.845,-1.2634,1.369,-38.822,0.55086,15.708,-1.3061,-5.6158,0.13821,-0.096509,0.011934,-0.98104,-0.008441,0.041247,-0.013309,-1.033,0.7818,0.85537,-35.816,-0.58057,13.752,0.1492,-7.7677
20.9,0.1483,-0.105,0.0090335,-0.9881,0.0032779,0.05537,-0.023779,-2.7341,-2.7487,0.80324,-36.036,-2.1228,13.713,-1.0694,-3.9858,0.13049,-0.099542,0.013153,-0.97129,-0.0034562,0.053858,-0.012383,-2.0982,0.20139,0.14773,-34.152,-0.84888,10.282,1.0823,-9.6099
21,0.13769,-0.10212,0.006788,-0.98381,-0.0071249,0.053632,-0.027894,-1.1803,-0.50087,-2.0335,-36.018,-0.3995,13.458,-1.0546,-5.4415,0.14819,-0.096872,0.031463,-0.97014,-0.010711,0.048428,-0.0067897,-0.17981,-1.4466,-0.5541,-35.784,-0.98396,10.568,0.066735,-7.7119
21.1,0.15243,-0.089767,-0.005163,-0.97308,0.004986,0.064586,-0.016953,-0.94352,-0.073767,1.2211,-35.791,0.62703,15.594,-1.9742,-6.1723,0.13634,-0.10953,0.01672,-0.96739,-0.0071337,0.045864,-0.0059639,-0.083706,-2.6755,-0.47717,-33.782,-0.33711,9.4473,0.2164,-7.2381
21.2,0.12442,-0.10219,0.0085323,-0.99635,-0.0018247,0.055227,-0.017913,-0.94291,-3.5525,-1.5357,-34.577,0.74277,11.722,0.23971,-5.2709,0.15082,-0.083873,0.014115,-0.98017,0.0037556,0.05238,-0.014904,-1.6097,-3.1998,-0.056395,-35.317,-0.059039,9.2294,1.3854,-7.065
21.3,0.14283,-0.10366,0.0078333,-0.97695,0.002204,0.060404,-0.010221,-1.4936,-1.9824,1.872,-36.464,-0.44264,12.354,-0.95671,-5.0825,0.15303,-0.11443,0.0062117,-0.9752,-0.010005,0.048076,-0.0097585,-0.5285,-1.2457,0.98467,-35.749,-1.8036,10.23,0.20337,-11.345
21.4,0.14722,-0.10758,0.011918,-0.98923,-0.006394,0.057026,-0.018726,-0.9108,-2.5963,-0.77786,-37.107,-0.51359,11.676,-0.57487,-7.5785,0.13589,-0.12077,0.01846,-0.96912,0.005923,0.046906,-0.013601,-0.0034354,-3.1816,-0.044645,-33.612,-1.0008,10.221,-0.54006,-9.0243
21.5,0.13996,-0.10933,0.0037105,-0.98871,0.0020401,0.052416,-0.013178,-0.26004,-2.0852,1.8977,-33.256,0.21441,10.859,-0.6758,-5.1829,0.12757,-0.099668,0.013384,-0.98344,-0.0032555,0.046412,0.0027854,-0.19341,-2.4415,0.1982,-31.922,-2.8797,10.229,-1.9786,-7.3651
21.6,0.13412,-0.10407,-0.0034577,-0.98377,0.00053463,0.043339,-0.014242,-0.43127,-2.7436,0.19523,-35.769,1.2573,12.71,-1.0625,-7.7348,0.13195,-0.093693,0.015249,-0.97943,-0.0030486,0.052483,-0.0049861,-2.1471,-1.6136,1.0756,-32.41,-2.4826,9.5461,0.1737,-10.422
21.7,0.12569,-0.11416,0.017639,-0.98774,0.013029,0.056476,-0.012133,0.13845,-1.933,-0.98046,-35.291,-1.8521,11.824,-0.34275,-6.7039,0.14624,-0.11792,0.0099739,-0.99058,0.0012893,0.044017,-0.01145,-1.7666,-4.0602,-0.074778,-33.95,-1.1378,8.651,-2.3494,-10.275
21.8,0.14053,-0.12057,0.002748,-0.97751,0.016513,0.049107,-0.015165,-1.2765,-3.3539,1.7757,-33.086,-1.5959,11.4,-0.88322,-8.9617,0.15071,-0.11021,0.030557,-0.98109,-0.0021721,0.033825,-0.0015705,0.094866,-5.7164,1.5401,-31.487,0.0537,10.134,-0.83102,-11.089
21.9,0.1438,-0.119,0.01682,-0.99603,0.010069,0.045875,-0.0023413,0.42117,-6.0597,0.70608,-33.945,0.87725,10.427,0.17176,-8.0027,0.15217,-0.12195,0.020916,-0.98986,0.0035252,0.038933,-0.0025173,-0.40077,-2.6855,0.56361,-32.858,0.69393,8.3901,-0.46778,-11.042
22,0.14486,-0.104,0.013166,-0.97796,0.014321,0.038664,-0.0057462,-1.0285,-3.4193,0.015334,-31.916,-0.70005,9.9354,-0.44605,-7.9873,0.16071,-0.12217,0.026363,-0.9918,0.0050085,0.038567,0.0039135,-2.2861,-4.3669,0.96803,-31.57,-0.5682,10.01,0.056278,-10.556
22.1,0.14524,-0.11836,0.022502,-0.98208,0.014254,0.040059,-0.0053974,-1.6733,-6.1646,0.14917,-33.113,-1.581,10.299,-1.6253,-8.5388,0.13556,-0.12599,0.025047,-0.9781,0.002796,0.038717,-0.0059773,-2.4742,-7.9204,0.61198,-30.834,-1.4309,8.2481,-0.70467,-8.6079
22.2,0.15977,-0.11992,0.016804,-0.97725,0.013183,0.042315,-0.0032903,-1.6687,-6.0697,1.647,-34.611,0.59676,8.5766,-3.0114,-9.5024,0.13679,-0.12352,0.023185,-0.98109,0.0090823,0.039575,6.0513e-05,-0.4052,-5.798,1.7667,-33.537,0.052954,8.7005,-0.16707,-11.208
22.3,0.15304,-0.13545,0.011202,-0.98776,0.0044334,0.046193,-0.0015055,-1.9269,-7.4981,0.53271,-31.547,-1.198,9.7651,-1.0893,-8.4443,0.13764,-0.12679,0.039948,-0.98862,0.0095041,0.034943,0.005207,-2.3979,-6.4223,1.0989,-30.837,-0.23374,8.2281,-0.085182,-11.819
22.4,0.14234,-0.15123,0.032895,-0.96301,0.0095674,0.035996,-0.0025286,-0.67316,-4.5232,0.89931,-34.122,-0.89618,10.759,-4.0906,-9.8488,0.14643,-0.10934,0.017992,-0.97875,0.011975,0.044383,0.013651,-0.56538,-5.4216,-1.2044,-30.517,-0.13909,8.0852,-0.39009,-13.294
22.5,0.12783,-0.12024,0.016486,-0.984,0.014201,0.037474,-0.0058691,-1.1905,-6.9675,0.1775,-31.677,-1.6631,9.5881,-0.91602,-9.5241,0.15687,-0.11978,0.033611,-0.98259,0.0092318,0.033473,0.019209,-2.0942,-5.7079,-0.30232,-29.67,0.23884,6.9768,-1.0141,-11.347
22.6,0.12203,-0.13444,0.022472,-0.97281,0.011879,0.037362,0.0044169,-1.4789,-7.8002,0.61616,-32.141,-1.8615,8.8824,-0.72609,-11.279,0.14684,-0.15019,0.021114,-0.98615,0.0071894,0.030927,0.0047415,-0.43711,-8.0894,1.2985,-29.982,-1.7107,6.824,-1.8029,-11.648
22.7,0.1199,-0.12412,0.011876,-0.98961,0.0048431,0.028537,0.0010554,0.87077,-6.7159,-1.2591,-32.192,0.43536,7.5294,-1.0392,-8.914,0.1406,-0.13672,0.021986,-0.9882,0.007038,0.032474,0.0055684,-0.39815,-7.1249,1.9425,-29.648,-1.1539,6.1543,-0.25057,-11.157
22.8,0.14049,-0.1358,0.022613,-0.97031,0.0036414,0.027673,-0.0074787,0.31821,-8.0417,1.5277,-31.637,-0.78988,7.9608,-0.72147,-11.902,0.13869,-0.13139,0.036477,-0.98773,0.013446,0.031041,0.015512,-1.6756,-7.8874,0.31729,-28.261,0.57537,6.3601,-0.40225,-12.885
22.9,0.13502,-0.13409,0.016643,-0.99221,0.0023031,0.021612,-0.0011257,-0.22131,-7.7824,0.7743,-30.451,-2.4932,8.6577,0.35633,-10.657,0.13772,-0.12546,0.01668,-0.98833,0.012089,0.031008,0.01253,-0.90132,-7.7124,0.23896,-30.665,-0.42304,6.04,-0.34882,-10.637
23,0.14282,-0.15331,0.018489,-0.97912,0.017632,0.035807,0.00024352,-1.0673,-9.1377,0.46295,-31.418,0.40551,8.5212,-0.81722,-12.275,0.12525,-0.13479,0.0067692,-0.97351,0.012024,0.029411,0.019823,-1.1413,-10.227,0.44319,-29.981,-1.6676,4.8685,-1.5379,-12.489
23.1,0.13066,-0.14681,0.029412,-0.99281,0.020896,0.02606,0.0017945,-0.65424,-8.5448,1.3429,-29.476,-1.2054,8.719,0.31889,-12.141,0.13933,-0.14032,0.017386,-0.99041,0.012753,0.026858,0.011618,-1.6805,-8.9143,1.2721,-27.372,0.37111,6.0192,0.034068,-14.32
23.2,0.13397,-0.12321,0.0054104,-0.97648,0.0129,0.038364,0.0067737,-1.8808,-8.3612,0.81999,-29.303,-0.0015169,7.4035,-1.7717,-12.393,0.14425,-0.1501,0.021665,-0.9843,0.0099681,0.022436,0.010134,-2.8942,-7.6664,-0.3209,-28.537,-1.3869,5.221,-0.18913,-13.724
23.3,0.12874,-0.12406,0.038565,-0.97467,0.021174,0.014862,0.0073536,-1.4314,-10.341,1.3916,-31.058,-2.4721,7.246,-2.1351,-10.474,0.12903,-0.13719,0.01443,-0.98462,0.010459,0.023863,0.014125,-1.069,-11.154,0.33762,-29.173,0.3136,5.458,-1.1284,-13.126
23.4,0.1384,-0.13924,0.016878,-0.98187,0.023471,0.020127,0.012611,-0.13235,-10.277,1.22,-30.613,0.42887,7.8497,-1.8828,-12.88,0.13048,-0.14224,0.015886,-0.9818,0.017276,0.023941,0.015398,1.0467,-9.0181,0.13298,-26.698,0.18164,3.5054,-2.8081,-12.974
23.5,0.14431,-0.16511,0.016056,-0.9752,0.022342,0.032775,0.018619,-3.2094,-9.9747,-0.82849,-29.046,-1.5229,9.1954,-1.2095,-11.511,0.13732,-0.15518,0.024977,-0.96667,0.01737,0.015448,0.011653,-3.1055,-9.7362,1.2895,-27.249,0.28502,5.9995,-1.7896,-14.805
23.6,0.13031,-0.15818,0.013902,-0.97906,0.023191,0.025761,0.0079595,-0.61668,-9.4441,-1.7086,-27.458,-1.5025,5.6275,0.23255,-11.979,0.1266,-0.13438,0.016188,-0.98022,0.01348,0.010574,0.020738,-2.6457,-9.7986,-0.25051,-26.531,0.87067,4.5161,-0.41258,-12.538
23.7,0.12765,-0.12472,0.012516,-0.97322,0.018751,0.018804,0.0016534,-1.3079,-9.1581,1.2578,-28.854,1.1857,7.027,-0.13736,-14.071,0.13022,-0.13366,0.0053001,-0.97619,0.013299,0.019372,0.01507,-0.92585,-11.152,0.38975,-28.245,-0.1094,4.1457,-1.1283,-13.968
23.8,0.15331,-0.13311,0.035169,-1.0016,0.013958,0.017215,0.015142,-0.32589,-11.18,1.0796,-28.455,-1.5833,5.2469,-1.5343,-15.624,0.14945,-0.15226,0.0082027,-0.98004,0.028451,0.011968,0.020806,1.8527,-10.26,0.4738,-25.648,-0.86415,5.0711,-1.0171,-13.483
23.9,0.12711,-0.14963,0.017348,-0.96634,0.01816,0.019958,0.011193,0.1621,-10.563,1.1933,-27.604,-0.80614,6.8514,-0.67731,-14.427,0.1307,-0.15243,0.0058475,-0.96964,0.015105,0.011933,0.034638,-1.4342,-12.712,1.0205,-26.202,0.78511,2.7886,0.20283,-15.971
24,0.11712,-0.15329,0.017506,-0.96865,0.030654,0.011754,0.013786,-2.2248,-13.217,0.65306,-25.873,-0.64137,6.6846,0.52278,-14.244,0.15557,-0.12558,0.016113,-0.98606,0.026041,0.0069038,0.020182,-1.9067,-11.854,0.96527,-26.229,1.1632,4.5176,0.037418,-13.936
24.1,0.13342,-0.1468,0.00010874,-0.96958,0.027253,0.017445,0.013766,-2.8391,-12.086,1.6783,-26.904,0.51169,5.9708,-1.5693,-13.298,0.12613,-0.14572,0.024566,-0.97306,0.018236,0.0062484,0.016692,0.0053655,-13.698,0.78561,-26.473,-0.2239,5.742,-0.8552,-16.949
24.2,0.10886,-0.1522,0.024694,-0.9625,0.024704,0.0078634,0.013323,-0.71119,-10.15,0.84163,-26.554,0.43737,6.1086,-1.2323,-15.677,0.12096,-0.14931,0.01323,-0.99805,0.021544,0.005296,0.024406,-2.539,-13.318,1.0736,-25.521,-0.80807,4.8085,-0.68051,-15.072
24.3,0.1101,-0.16418,0.012351,-0.9852,0.028316,0.0026258,0.021711,-1.5553,-13.003,0.041272,-26.741,-0.48786,7.2027,0.61778,-16.766,0.1074,-0.142,0.020051,-0.9597,0.023087,0.013626,0.025545,-1.9393,-13.818,-1.5627,-24.193,1.1566,3.7881,-0.48008,-15.48
24.4,0.12363,-0.1493,0.023486,-0.97652,0.01651,0.016071,0.025189,-0.54925,-12.391,-0.35183,-25.301,1.8875,4.1612,-0.99314,-16.974,0.10897,-0.14267,0.0076861,-1.0008,0.029337,0.0030043,0.02187,-1.7889,-14.309,-0.55136,-25.309,1.1999,6.0876,-0.026715,-15.12
24.5,0.10955,-0.15148,0.029718,-0.98051,0.026618,0.014332,0.025768,-0.44173,-14.054,0.15548,-25.875,-0.57021,4.2526,-1.9663,-18.605,0.11829,-0.12715,0.019601,-0.98761,0.031638,0.0084145,0.024508,-1.4962,-13.945,1.754,-25.302,0.44808,4.3891,1.3518,-15.863
24.6,0.12299,-0.16042,0.015996,-0.96163,0.027119,0.01149,0.021541,-1.6004,-15.327,0.47884,-26.315,-0.22054,5.5468,-0.63689,-17.439,0.11912,-0.15428,0.0027742,-0.98689,0.033878,0.0057989,0.021033,-1.3498,-13.65,-0.62031,-24.676,-2.3812,6.6919,-0.8346,-16.381
24.7,0.12758,-0.15738,0.02002,-0.99413,0.029371,0.0039993,0.020752,-0.68874,-13.851,-0.48244,-24.365,0.83813,6.5212,-2.1069,-17.219,0.1044,-0.15098,0.028924,-0.97124,0.027979,-0.005428,0.020486,0.61762,-16.094,0.85878,-25.666,-1.16,4.8188,-1.5364,-15.942
24.8,0.13092,-0.16869,0.01499,-0.98202,0.029493,0.0022941,0.016696,-2.545,-15.914,0.66052,-23.968,-1.0772,6.1591,-2.0596,-17.887,0.10953,-0.1344,-0.0014292,-0.98849,0.028131,0.0040767,0.030396,-0.19604,-16.405,0.47276,-24.555,-0.40278,5.4405,0.10709,-18.589
24.9,0.10824,-0.15929,-0.01216,-1.0089,0.016958,0.011538,0.02253,-0.61309,-16.105,-0.53246,-23.185,-1.0487,5.9878,-1.1291,-15.956,0.12576,-0.12591,0.0025327,-0.9734,0.025678,0.0022869,0.020921,-0.49208,-14.854,0.90064,-23.087,1.5422,3.5375,0.54663,-16.866
25,0.0979,-0.18493,0.0047331,-0.9879,0.023841,0.0028351,0.027608,-0.26149,-17.903,1.0707,-23.189,-1.6291,4.3619,-1.3193,-16.81,0.097188,-0.14278,0.011441,-0.96619,0.030502,-0.0038557,0.035043,-1.5238,-16.455,1.032,-23.8,-0.46303,4.0981,-0.067444,-15.597
25.1,0.10639,-0.13457,0.011944,-0.99096,0.026354,-0.0018104,0.021912,0.16872,-17.528,1.6174,-22.753,0.99266,4.7343,-2.1971,-17.338,0.11523,-0.13436,0.0099268,-0.96722,0.035964,-0.0093745,0.019952,-0.7431,-15.968,-0.017377,-22.497,2.7117,2.7911,-0.9497,-17.589
25.2,0.091605,-0.16668,0.01866,-0.97899,0.027589,-0.00041465,0.024563,0.50637,-16.121,2.1524,-24.607,-0.17842,4.9752,-1.7916,-17.069,0.11049,-0.15303,-0.0079919,-0.97895,0.031465,-0.0051106,0.031552,-1.7949,-16.868,0.17836,-20.714,-0.050329,5.4847,-1.7712,-17.605
25.3,0.11082,-0.15968,0.012578,-0.98035,0.039694,-0.0033305,0.023899,-1.2744,-17.551,0.16243,-24.359,0.45365,6.1705,-2.8597,-18.033,0.10685,-0.15144,0.0076464,-0.97932,0.033689,-0.013917,0.0178,-1.3211,-17.905,0.35907,-22.218,-1.9454,5.2417,-0.90007,-19.075
25.4,0.09962,-0.14463,0.0087989,-0.96777,0.034689,0.00071291,0.038037,-0.37117,-17.522,1.6433,-24.316,-0.090132,3.8264,0.24759,-18.249,0.11552,-0.15241,0.0033287,-0.99113,0.034303,-0.0067404,0.022521,-1.3176,-17.42,1.281,-22.039,0.16519,4.6166,-0.55121,-18.154
25.5,0.098793,-0.16482,-0.017558,-0.99217,0.030947,-0.014546,0.028181,-1.3189,-18.646,0.29299,-23.661,-0.32478,5.839,-1.245,-19.783,0.082545,-0.15423,-0.0040193,-0.99171,0.037129,-0.0039929,0.025093,-0.20245,-18.812,0.59887,-19.65,1.7864,6.8364,0.025734,-18.624
25.6,0.10849,-0.15405,0.013645,-0.99827,0.039458,0.00030938,0.018633,-3.4722,-17.654,-0.63686,-21.683,-0.30189,5.6836,0.3725,-19.41,0.097499,-0.14869,-8.42e-05,-0.98076,0.038496,-0.016192,0.020566,-0.22746,-18.077,1.3684,-17.924,-0.24443,3.9825,0.10301,-17.391
25.7,0.074729,-0.16121,0.016393,-0.96722,0.033456,-0.0061833,0.02721,0.71498,-18.872,-0.78036,-24.525,0.099006,7.0185,1.0868,-19.651,0.1069,-0.14728,0.0057294,-0.99129,0.03946,-0.0050263,0.02585,-0.67855,-19.17,0.51642,-19.064,2.1254,6.6553,-2.2914,-18.248
25.8,0.081322,-0.14256,-0.0074191,-1.0002,0.032832,-0.0047638,0.027591,-2.0619,-19.812,1.5108,-21.731,-0.60002,8.2604,0.59403,-20.259,0.10376,-0.13566,-0.0094198,-0.98038,0.039971,-0.0099801,0.032173,-1.9287,-18.327,0.24043,-19.219,-0.17787,6.7512,-0.33703,-19.735
25.9,0.086105,-0.16064,0.0043624,-0.97469,0.042438,-0.012585,0.02482,-1.299,-18.3,2.7379,-19.452,0.85703,5.1115,-0.81496,-20.718,0.1112,-0.13004,-0.0037729,-0.97141,0.04515,-0.018252,0.030565,0.67311,-19.337,0.025599,-19.531,1.709,6.5202,0.31555,-20.414
26,0.093157,-0.14974,-0.0010407,-0.98569,0.038738,-0.019339,0.02436,-2.5576,-20.216,-0.50587,-20.67,0.45891,9.3863,-2.3793,-21.335,0.10491,-0.1389,-0.0067981,-0.98674,0.039157,-0.013461,0.028617,-0.055222,-18.406,0.54672,-18.784,0.92948,6.8916,-0.088019,-22.273
26.1,0.094744,-0.13217,-0.0068801,-0.9954,0.032117,-0.010533,0.026559,-0.82643,-19.594,0.47243,-19.984,2.1905,6.2497,-0.76709,-20.19,0.098963,-0.15392,-0.014979,-0.96875,0.041945,-0.015122,0.024271,-1.0567,-19.751,2.1411,-18.248,1.4493,5.0282,0.93782,-21.537
26.2,0.092618,-0.15381,-0.011404,-0.98692,0.035167,-0.012599,0.029935,0.15742,-20.46,0.15071,-19.9,2.3905,6.7041,-1.1679,-22.627,0.079509,-0.13675,0.0044698,-0.99051,0.040388,-0.023266,0.024249,-2.9306,-20.08,-0.3894,-19.187,0.75985,6.6767,-0.97671,-19.974
26.3,0.089394,-0.15109,-0.0038379,-0.98312,0.036456,-0.018334,0.020317,-0.67186,-19.885,0.043927,-18.51,0.025906,7.2732,1.5579,-20.559,0.068,-0.13549,-0.012026,-1.0006,0.053786,-0.031477,0.028322,-1.1943,-20.263,0.79481,-19.439,2.3566,5.1875,-1.1628,-19.771
26.4,0.08285,-0.1492,-0.013801,-0.96783,0.042004,-0.015571,0.024184,-1.5223,-20.215,2.5856,-18.859,2.0594,7.4351,-0.49794,-24.133,0.09003,-0.15477,-0.0038866,-1.0027,0.040828,-0.021005,0.029602,-2.4358,-20.658,1.7149,-18.905,1.2564,8.5377,-0.36171,-20.291
26.5,0.099148,-0.1637,-0.013325,-0.97617,0.043532,-0.024583,0.026924,-1.2175,-21.168,0.88047,-20.213,0.11919,8.8968,-1.0721,-20.828,0.097304,-0.14743,0.010367,-0.98819,0.046811,-0.03215,0.028913,0.46951,-22.117,0.060455,-19.899,2.7255,6.7911,-0.17536,-21.854
26.6,0.089137,-0.1422,-0.00092394,-0.96898,0.043207,-0.023234,0.037402,-2.2377,-23.166,0.51535,-18.314,0.54069,7.732,-0.42411,-22.922,0.091264,-0.13449,-0.016137,-0.98023,0.050076,-0.024534,0.019216,-0.80479,-25.414,0.25879,-17.327,-0.15003,8.4145,-0.54539,-20.555
26.7,0.083927,-0.14278,-0.002989,-0.99011,0.035604,-0.027458,0.030963,-0.42986,-23.031,1.6121,-17.971,0.84357,8.146,-0.82528,-23.618,0.073459,-0.14144,-0.014567,-0.99853,0.052995,-0.028786,0.030289,-3.4999,-21.265,0.74491,-15.966,0.78875,9.6785,-0.36629,-21.874
26.8,0.081601,-0.13269,-0.0098049,-0.99525,0.044367,-0.025033,0.036725,-1.6349,-24.188,1.2744,-19.045,0.77149,9.7775,-0.39993,-20.243,0.093528,-0.12217,-0.0059051,-0.99329,0.040154,-0.029142,0.025522,0.13029,-23.887,1.2081,-17.203,1.4787,7.1684,-0.76777,-20.392
26.9,0.079651,-0.13461,-0.012414,-0.97674,0.045976,-0.029437,0.029734,0.26349,-24.882,0.22584,-19.823,1.8998,9.3499,-0.7747,-24.774,0.074524,-0.14881,-0.013555,-0.97411,0.048318,-0.017431,0.033198,0.57751,-24.377,1.3071,-17.681,1.3283,7.8634,0.70172,-22.76
27,0.09199,-0.13419,-0.013192,-0.98704,0.032996,-0.025943,0.020393,-0.96554,-21.744,1.1533,-18.369,1.0297,8.3641,-1.531,-22.779,0.084403,-0.12705,-0.014203,-0.99613,0.053965,-0.029081,0.019087,-1.8956,-23.119,1.3657,-17.145,1.5134,9.2188,-0.53234,-21.646
27.1,0.071934,-0.13581,-0.011207,-0.97349,0.05118,-0.025699,0.035478,-0.46427,-22.422,1.5552,-18.509,2.7644,9.3413,-0.62069,-23.828,0.065134,-0.14874,-0.015601,-0.98842,0.044652,-0.026337,0.025597,-1.3775,-25.816,1.5949,-17.004,0.80546,9.3422,-1.5503,-21.1
27.2,0.062219,-0.15228,-0.013569,-0.97742,0.056838,-0.021584,0.017769,-1.4097,-25.42,1.066,-18.43,2.4611,10.36,-0.046923,-26.412,0.06512,-0.15284,0.0013571,-0.99589,0.053646,-0.031926,0.027461,-0.67989,-25.175,0.99754,-16.859,0.56096,11.17,-2.1897,-20.342
27.3,0.067142,-0.15126,-0.026795,-0.99587,0.053382,-0.021623,0.027978,0.39233,-24.246,1.7147,-17.03,2.0545,9.7641,-0.89237,-25.146,0.068843,-0.13287,-0.011676,-0.98739,0.061137,-0.036003,0.02136,-1.3735,-23.988,1.2095,-15.542,0.011644,8.0543,-1.6738,-23.463
27.4,0.067163,-0.14549,-0.013549,-0.97909,0.048543,-0.034024,0.016538,-3.1076,-24.766,-0.34858,-17.639,2.4782,10.513,-1.1844,-23.391,0.058083,-0.11326,-0.015358,-0.98362,0.048849,-0.037167,0.026275,-0.53969,-24.886,0.81853,-15.128,1.149,10.805,-0.53975,-23.894
27.5,0.046736,-0.14068,-0.017882,-0.99478,0.049663,-0.03751,0.016054,0.11932,-24.765,1.292,-15.286,0.63438,10.058,-2.5347,-24.876,0.066588,-0.12263,-0.028985,-0.97295,0.046611,-0.039974,0.030939,0.11586,-24.881,1.1692,-14.975,1.4612,10.314,-2.2582,-24.897
27.6,0.054828,-0.12854,-0.014526,-0.98319,0.047672,-0.042674,0.025611,-2.1379,-25.05,1.3503,-14.898,0.49126,10.139,-1.6405,-26.213,0.051175,-0.12929,-0.022851,-0.98326,0.055804,-0.042151,0.025465,1.2363,-24.928,-0.25834,-15.111,0.18648,11.155,-0.70594,-23.934
27.7,0.065535,-0.12483,-0.014559,-0.98552,0.046751,-0.03992,0.027929,-0.045009,-26.573,2.2297,-16.161,1.3075,11.458,-0.15487,-26.239,0.067998,-0.12876,-0.025278,-1.0023,0.050005,-0.039982,0.030034,-1.1268,-25.208,-0.045452,-14.009,0.2529,9.6652,-0.85623,-24.55
27.8,0.04952,-0.14455,-0.025866,-1.0024,0.051221,-0.041156,0.025081,-0.261,-23.935,0.57794,-13.881,0.012225,11.398,-1.2034,-25.849,0.030679,-0.11185,-0.010462,-0.98441,0.04903,-0.04055,0.023505,-0.47965,-26.519,1.0278,-15.213,2.2594,12.945,1.0741,-24.272
27.9,0.052528,-0.14143,-0.017981,-0.98197,0.046978,-0.039398,0.026853,-0.73122,-24.85,0.4925,-14.554,-0.23585,11.433,0.13808,-25.921,0.040898,-0.12062,-0.022408,-0.97709,0.052189,-0.043662,0.031553,-0.33748,-26.529,1.0035,-12.945,1.3245,11.379,-0.92663,-22.827
28,0.045354,-0.1294,-0.027106,-0.98872,0.054037,-0.040552,0.022139,-1.8413,-24.229,0.80551,-13.715,1.3681,12.634,-0.96178,-26.539,0.031434,-0.12935,-0.036017,-0.98981,0.045561,-0.05043,0.019942,0.9006,-25.96,1.4366,-13.408,0.45768,10.985,-0.55535,-23.83
28.1,0.036709,-0.1112,-0.033644,-0.96359,0.043456,-0.045215,0.025691,0.51222,-26.434,2.4669,-15.101,1.1961,12.168,-2.002,-28.362,0.047748,-0.10377,-0.02789,-0.99823,0.049582,-0.049597,0.023772,0.60307,-24.566,-0.070205,-13.005,0.75746,11.923,-2.0403,-23.82
28.2,0.025339,-0.10982,-0.027721,-0.98303,0.041334,-0.051676,0.023411,0.068821,-25.534,1.8295,-14.314,1.0312,10.851,-0.11998,-28.323,0.031123,-0.12691,-0.011598,-0.97182,0.05667,-0.050613,0.02757,-0.18838,-26.789,1.6682,-12.742,-0.50855,11.37,0.63516,-24.316
28.3,0.043419,-0.12351,-0.012942,-0.99092,0.052763,-0.044909,0.029547,-0.12706,-26.533,2.1964,-14.873,0.1013,13.096,0.059027,-25.121,0.029446,-0.093068,-0.02682,-0.97816,0.047977,-0.043622,0.024798,-1.1621,-26.37,1.0607,-11.799,1.2489,11.703,-0.47095,-25.709
28.4,0.045848,-0.11898,-0.027837,-0.97272,0.040977,-0.041273,0.030972,-0.87969,-26.254,0.9248,-11.542,1.074,11.692,-0.16682,-27.229,0.044606,-0.11784,-0.042171,-1.0052,0.05434,-0.045217,0.019388,2.0205,-24.159,0.86217,-12.477,2.1726,12.549,-0.67806,-26.33
28.5,0.027274,-0.12303,-0.010992,-0.99274,0.050607,-0.042442,0.021035,0.30705,-24.851,-0.76972,-13.902,0.50334,12.828,0.56667,-27.788,0.038147,-0.1157,-0.015034,-0.9976,0.050225,-0.049677,0.015563,0.36727,-26.362,2.1298,-9.9922,1.0436,13.267,-0.79914,-25.181
28.6,0.022617,-0.10907,-0.011504,-0.97335,0.045797,-0.049231,0.026747,0.093374,-26.7,-1.3255,-13.491,-0.31881,13.229,1.596,-28.167,0.038633,-0.12371,-0.028734,-0.99033,0.049393,-0.046366,0.023942,0.95839,-26.734,0.18898,-10.76,-1.3889,14.539,-0.20605,-26.248
28.7,0.042037,-0.113,-0.035548,-0.9959,0.034197,-0.050151,0.025397,2.2425,-25.992,0.3216,-13.197,0.058429,17.238,0.085456,-29.612,0.020115,-0.095615,-0.024625,-0.99055,0.051182,-0.058813,0.011251,-1.6025,-25.443,0.69643,-10.639,1.405,14.121,-2.1007,-26.599
28.8,0.024619,-0.13905,-0.036542,-1.0197,0.04332,-0.052483,0.031856,0.74419,-23.411,0.56192,-10.507,1.1508,13.641,0.73113,-28.46,0.0055174,-0.1037,-0.030821,-0.99241,0.045254,-0.057303,0.018025,-0.61311,-24.677,1.9539,-9.6608,1.2268,14.54,1.3258,-26.438
28.9,0.022111,-0.10699,-0.042255,-0.98463,0.036487,-0.051331,0.022129,1.8148,-23.048,0.12681,-9.2481,0.56337,14.265,-0.24208,-27.662,0.023548,-0.091863,-0.026787,-0.99389,0.047319,-0.061989,0.029416,0.89862,-25.51,1.0041,-10.235,1.0242,12.28,-0.53701,-27.182
29,0.011468,-0.1116,-0.029346,-0.99432,0.044587,-0.050879,0.027419,2.0711,-25.4,-0.53793,-11.142,2.4891,13.674,-0.22694,-26.82,0.024197,-0.090201,-0.023651,-0.98472,0.034758,-0.050572,0.021315,-0.4357,-23.593,0.87257,-11.433,1.2761,13.984,1.4644,-24.856
29.1,0.019358,-0.101,-0.01292,-0.98759,0.040423,-0.059704,0.027325,1.0016,-26.324,3.1575,-8.4703,0.69402,13.235,-0.96963,-27.747,0.01495,-0.096288,-0.027341,-1.0065,0.050192,-0.050271,0.019183,0.79385,-25.225,-1.818,-8.5332,0.93239,12.526,0.23929,-25.286
29.2,0.025988,-0.11201,-0.028031,-0.9994,0.035232,-0.056559,0.022713,0.66447,-23.097,0.70217,-9.2554,-0.2426,15.062,0.83868,-28.558,0.0050667,-0.087556,-0.049569,-1.0015,0.046371,-0.057719,0.021623,0.57553,-23.575,1.8986,-8.6819,3.2349,16.687,-0.92164,-27.906
29.3,0.024718,-0.093841,-0.030288,-0.98311,0.04051,-0.058558,0.023722,0.55373,-23.829,0.86513,-10.788,0.080304,14.308,-0.00022038,-26.816,-0.0043639,-0.088209,-0.040687,-0.9942,0.043928,-0.062044,0.017466,0.76631,-24.96,1.029,-7.7774,0.70747,15.965,-0.59656,-25.748
29.4,0.005731,-0.064241,-0.051932,-1.0024,0.038415,-0.052747,0.021745,1.241,-24.22,0.55126,-9.2952,2.1205,15.029,0.9888,-28.429,0.0023705,-0.065516,-0.034109,-1.0082,0.042528,-0.067307,0.018506,-0.7193,-22.676,1.2504,-6.9786,1.4844,15.529,0.72119,-25.874
29.5,0.021472,-0.1072,-0.043328,-1.0009,0.04316,-0.064609,0.016781,1.0461,-24.719,0.29296,-10.085,1.4147,17.291,1.0286,-27.028,0.010122,-0.076091,-0.020613,-0.98848,0.038614,-0.05838,0.01784,1.3681,-24.719,-0.074964,-6.5863,2.0299,13.064,-0.022859,-26.967
29.6,0.0079152,-0.097985,-0.025533,-0.99534,0.041058,-0.065045,0.020261,-0.14192,-23.341,-1.1565,-11.287,0.57757,15.444,0.41415,-28.104,0.0003779,-0.065313,-0.043748,-0.99393,0.041588,-0.066159,0.020513,2.0976,-23.07,1.3749,-8.0247,0.36524,15.065,0.74707,-26.124
29.7,0.015651,-0.095013,-0.049728,-0.99723,0.038396,-0.070404,0.016929,0.80024,-22.23,1.1631,-9.6197,0.59498,16.655,0.18728,-27.067,0.0086778,-0.077658,-0.053462,-1.0076,0.040943,-0.057237,0.020299,0.89777,-22.429,1.3354,-7.3027,-1.1675,15.846,0.29525,-25.445
29.8,0.00039597,-0.097522,-0.024159,-0.99042,0.043561,-0.059662,0.016918,-0.51784,-21.381,-0.3295,-7.1063,1.344,16.537,-0.068041,-26.594,-0.017351,-0.075947,-0.044486,-1.0089,0.042667,-0.065766,0.012319,1.7069,-21.002,2.2567,-6.0686,0.67677,15.014,0.83124,-26.456
29.9,0.0035483,-0.064436,-0.046464,-0.98639,0.033629,-0.067216,0.015966,1.2949,-21.334,0.55419,-7.1432,-0.73155,15.322,0.054297,-26.588,-0.001124,-0.059149,-0.037715,-0.98747,0.038888,-0.059171,0.0045446,1.0065,-21.938,-0.1214,-5.7487,0.21953,16.069,-0.83469,-26.13
30,-0.012041,-0.072953,-0.050664,-1.0107,0.033397,-0.069843,0.014439,-0.63415,-20.042,0.56309,-8.5277,-0.036097,14.957,0.4217,-26.489,0.0098151,-0.07694,-0.017986,-1.0238,0.034269,-0.061522,0.017423,2.1162,-20.153,1.4475,-7.1588,0.11109,17.08,0.69056,-24.143
30.1,-0.010162,-0.074188,-0.051548,-0.99527,0.030856,-0.06192,0.0196,1.2473,-18.825,1.9982,-6.825,-0.10902,16.684,2.6964,-24.963,0.0031463,-0.076937,-0.036901,-1.0033,0.034213,-0.066699,0.018883,0.014849,-21.035,0.45065,-7.0894,1.0471,17.171,-0.71242,-24.627
30.2,0.0022345,-0.051731,-0.047294,-1.0064,0.037494,-0.066589,0.011527,1.3157,-20.419,0.59445,-7.6406,-0.060254,17.299,0.97512,-24.667,0.0038526,-0.080416,-0.024011,-0.98687,0.030735,-0.06828,0.016291,1.3396,-19.588,1.6108,-9.2963,0.71679,14.229,0.4716,-22.926
30.3,0.0039078,-0.067762,-0.043504,-0.99478,0.037216,-0.070977,0.01932,2.3257,-20.057,0.95637,-7.0687,-0.43455,16.47,0.19215,-25.135,-0.0050666,-0.07021,-0.023621,-1.0109,0.03216,-0.064479,0.02011,-0.26879,-19.622,-0.49479,-5.8597,1.2258,16.492,-0.75618,-24.22
30.4,0.0013005,-0.072661,-0.03299,-0.99877,0.03952,-0.073315,0.0072707,0.59645,-20.359,-0.4261,-6.8159,1.1951,17.751,0.6967,-24.687,-0.011366,-0.046457,-0.039346,-0.99411,0.027379,-0.06025,0.0065655,1.9126,-19.356,-0.85511,-6.8131,-0.57322,17.686,0.080802,-23.403
30.5,-0.015894,-0.051494,-0.016021,-0.99247,0.029113,-0.06647,0.016714,1.0636,-19.627,1.1139,-7.9669,0.30602,17.479,0.76895,-26.476,-0.013907,-0.061625,-0.03252,-1.0018,0.031643,-0.065321,-0.011233,1.7849,-19.256,-1.3938,-6.0032,0.88957,16.371,0.42754,-23.145
30.6,-0.017427,-0.047262,-0.044327,-0.9987,0.039807,-0.059143,0.013353,1.5937,-18.392,0.30532,-6.9305,0.81079,19.565,0.76762,-23.257,-0.012098,-0.03607,-0.043888,-0.98517,0.037132,-0.068697,0.012915,-0.44558,-18.46,-2.2493,-7.2893,-0.10116,18.18,0.64413,-21.881
30.7,0.0023903,-0.04956,-0.050807,-0.97063,0.022669,-0.061969,0.0014625,0.11279,-19.311,-1.378,-6.4149,-0.033915,18.33,-0.89328,-25.206,-0.016651,-0.036958,-0.042448,-0.97974,0.028064,-0.05947,0.010035,-0.047909,-19.4,-2.7331,-9.1253,1.2206,17.644,0.5303,-23.248
30.8,-0.032494,-0.057661,-0.044822,-1.0003,0.028424,-0.064811,0.011161,0.44518,-20.046,-2.5611,-8.3403,-0.50728,19.177,2.0695,-24.315,-0.0088668,-0.042389,-0.038965,-1.0209,0.035824,-0.053506,0.0030553,-1.1635,-18.494,-0.2259,-6.1975,-0.56648,19.432,0.71982,-22.424
30.9,-0.0069011,-0.049314,-0.06042,-0.99771,0.027772,-0.064195,0.0089992,-0.1262,-19.02,-2.722,-9.5346,0.5977,18.462,-0.28697,-23.391,-0.00038641,-0.02476,-0.035935,-0.99835,0.032851,-0.065846,0.0050795,1.7886,-18.813,-1.4482,-8.0559,1.273,17.067,2.5796,-19.643
31,-0.021802,-0.043563,-0.058812,-1.0139,0.037702,-0.069226,0.004168,0.47981,-18.571,-4.5878,-7.7296,1.8211,19.802,1.8724,-23.497,0.0044499,-0.037607,-0.041404,-1.0106,0.040659,-0.053288,0.0087645,1.6925,-19.268,-0.83396,-7.4372,1.3479,19.226,0.56006,-21.752
31.1,-0.011236,-0.043194,-0.046066,-0.99592,0.027846,-0.065531,0.0083174,0.79384,-17.77,-1.6636,-9.5933,3.089,17.864,0.90339,-23.476,-0.017092,-0.033489,-0.025863,-1.0018,0.033848,-0.061551,0.0029532,2.1191,-19.933,-1.6354,-9.3308,1.9268,18.565,-0.87306,-19.373
31.2,-0.011498,-0.038514,-0.049543,-1.0096,0.038917,-0.050576,0.00030355,3.4254,-19.235,-0.56632,-6.9655,0.0011322,20.72,-1.0778,-23.97,-0.030755,-0.021897,-0.045114,-1.0035,0.026655,-0.054109,0.00046962,1.9722,-17.211,-3.3322,-10.758,1.1382,18.865,0.83622,-21.423
31.3,-0.0042102,-0.012018,-0.046399,-0.99414,0.028513,-0.052969,-0.0025223,1.5641,-17.868,-1.476,-9.1943,1.8251,20.268,-1.8389,-23.323,-0.022271,-0.02418,-0.03752,-1.0006,0.032252,-0.047717,-0.013688,1.5958,-17.793,-2.5357,-8.6592,1.9934,20.678,0.63849,-20.402
31.4,-0.01825,-0.019478,-0.046126,-0.98915,0.025063,-0.056793,-0.0070175,1.8631,-17.957,-1.6311,-8.2311,-0.35841,21.206,1.9216,-23.333,-0.03508,-0.030405,-0.049846,-1.0068,0.031394,-0.0558,-0.0061478,0.76033,-17.29,-0.12624,-8.872,-0.93701,19.994,-0.92458,-21.535
31.5,-0.023057,-0.050899,-0.048395,-0.98092,0.025357,-0.056817,0.0012934,1.3347,-15.536,-3.2646,-9.3496,-0.22012,23.961,-0.061515,-20.963,-0.039693,-0.032485,-0.050016,-1.0081,0.025417,-0.04117,-0.0052125,1.0547,-15.722,-1.5024,-11.54,2.6894,19.845,0.71279,-21.943
31.6,-0.022159,-0.025008,-0.056239,-1.0002,0.035966,-0.055258,0.00022208,1.3208,-16.024,0.11424,-11.005,-0.49878,21.907,1.5148,-19.334,-0.032218,-0.03857,-0.036329,-0.99922,0.022929,-0.048919,-0.0050006,0.3364,-15.002,-0.97808,-12.672,-0.55062,21.568,-0.42512,-17.821
31.7,-0.044754,-0.033638,-0.046581,-1.0091,0.032552,-0.054338,0.00099163,1.8817,-17.755,-1.5895,-11.511,2.4088,21.033,-2.1393,-21.515,-0.024337,-0.0211,-0.038321,-1.0118,0.026955,-0.047837,-0.014813,0.36379,-16.771,-1.9319,-12.649,-1.1757,20.077,0.58918,-18.949
31.8,-0.01683,-0.030103,-0.026425,-0.98604,0.02679,-0.047351,-0.0028879,0.23224,-16.519,-1.0018,-9.739,1.5593,20.309,1.9509,-19.626,-0.031214,-0.029037,-0.029393,-1.0053,0.018121,-0.033893,-0.0089616,-0.71633,-15.895,-1.2187,-12.004,1.4529,21.597,-0.10227,-20.388
31.9,-0.022685,-0.0067239,-0.047222,-1.0124,0.02503,-0.045849,0.0021437,1.4563,-15.349,1.7442,-12.646,1.1832,20.481,0.46415,-23.362,-0.046548,-0.022649,-0.029928,-0.98836,0.02561,-0.043457,-0.010599,-1.1619,-15.006,0.6782,-10.93,-1.4124,20.552,-0.40153,-21.393
32,-0.045523,-0.014218,-0.042882,-0.9931,0.021895,-0.047672,-0.0071549,0.019893,-14.646,-1.1924,-12.702,1.4621,21.272,0.48465,-18.929,-0.04706,-0.0025295,-0.035437,-0.9985,0.019236,-0.034485,-0.014559,0.046979,-15.557,-0.26039,-12.848,0.035939,22.504,1.2303,-20.234
32.1,-0.028413,-0.0071032,-0.041889,-1.011,0.030452,-0.037971,-0.014666,0.7138,-14.813,-2.0929,-13.289,-0.26334,22.142,-0.4976,-19.628,-0.04188,-0.029712,-0.026683,-0.99833,0.025106,-0.035985,-0.013215,1.4477,-14.85,-1.5224,-12.565,1.052,20.726,-0.094166,-20.416
32.2,-0.033772,-0.00927,-0.036944,-1.0014,0.024442,-0.042502,-0.0017483,0.88037,-14.453,-1.9276,-11.424,-0.28555,22.885,1.7361,-17.956,-0.043359,-0.019884,-0.023728,-1.02,0.023657,-0.037764,-0.0023116,-0.70807,-12.387,-0.66801,-13.693,0.056238,24.035,1.1931,-20.556
32.3,-0.012882,-0.00018483,-0.035266,-1.0022,0.020896,-0.046878,-0.014522,0.33479,-15.533,-0.49132,-12.079,0.73031,21.265,-0.41304,-18.602,-0.050666,-0.016322,-0.029448,-0.9902,0.020251,-0.041044,-0.023539,2.3529,-11.731,-3.4306,-13.52,1.603,22.758,-0.35402,-18.144
32.4,-0.037158,-0.023463,-0.042925,-1,0.023768,-0.040769,-0.0090436,-0.76544,-14.286,0.71415,-13.964,1.1807,21.633,0.20202,-17.835,-0.04819,-0.018807,-0.045053,-1.0066,0.022414,-0.039138,-0.017561,0.083051,-13.449,-1.9713,-11.913,0.016362,21.211,0.19577,-19.761
32.5,-0.041714,-0.0073441,-0.051188,-1.0026,0.022985,-0.038498,-0.012864,0.91405,-12.812,0.12274,-13.184,2.6703,23.649,-0.22983,-20.436,-0.041712,-0.017545,-0.034808,-1.0043,0.026682,-0.036609,-0.0099006,-0.50245,-13.481,-0.69565,-13.767,0.69228,22.552,0.56985,-18.259
32.6,-0.029257,-0.01043,-0.024394,-0.99534,0.024633,-0.029227,-0.007534,0.376,-13.269,-1.5317,-14.191,0.61574,22.682,-0.54146,-18.155,-0.033775,-0.0065682,-0.033774,-0.97619,0.021308,-0.031531,-0.0060852,2.0383,-11.953,-0.028148,-13.93,0.44622,23.578,0.20135,-19.061
32.7,-0.020938,-0.01027,-0.037216,-1.0161,0.022651,-0.034505,-0.018654,1.3663,-10.862,-0.7376,-15.345,2.1011,21.376,-2.2874,-18.784,-0.045753,-0.012359,-0.030335,-0.99059,0.014932,-0.027755,-0.016683,0.68173,-12.009,-2.8918,-14.774,1.4238,22.721,1.3717,-18.808
32.8,-0.059182,-0.003446,-0.037968,-0.98388,0.017841,-0.035541,-0.011167,-0.31548,-11.195,0.42004,-14.332,-0.99669,21.99,0.36592,-18.619,-0.045754,0.0057564,-0.030826,-0.99596,0.01032,-0.030623,-0.010638,-0.90395,-10.625,-0.87248,-14.776,1.6201,25.059,-0.17494,-18.674
32.9,-0.080242,0.010347,-0.037818,-1.0066,0.019826,-0.035485,-0.016497,0.64567,-12.86,-2.2057,-15.354,0.77827,23.755,-0.015005,-19.776,-0.029513,0.0061502,-0.019738,-1.0005,0.016258,-0.035004,-0.01438,-0.30019,-12.732,-1.2375,-14.242,-0.11224,22.745,1.3118,-18.674
33,-0.02043,0.0072356,-0.030854,-1.0011,0.013975,-0.036993,-0.010056,-1.1425,-12.32,-3.7437,-16.043,0.16872,23.848,-0.75895,-17.983,-0.044084,0.014729,-0.0061096,-0.99135,0.012333,-0.039948,-0.016714,0.45312,-13.601,-2.0348,-14.855,0.11201,22.08,-0.16032,-17.277
33.1,-0.044426,-0.0022488,-0.01259,-0.9993,0.019948,-0.034526,-0.015968,0.33084,-11.501,-2.0035,-15.391,2.3015,25.032,0.35175,-19.905,-0.042259,0.0027121,-0.026248,-1.023,0.017184,-0.032171,-0.017669,2.1194,-10.929,-0.27294,-16.437,0.86537,23.272,-0.0070938,-16.758
33.2,-0.052302,-0.0047877,-0.052961,-1.0013,0.01125,-0.033911,-0.021097,1.5619,-12.081,-1.9035,-15.666,-0.10582,23.407,-1.1768,-18.602,-0.055728,0.0019613,-0.023552,-0.97959,0.0041387,-0.029161,-0.020147,1.6262,-11.172,-1.5659,-18.393,0.50556,22.845,-0.71947,-18.207
33.3,-0.03342,-8.1435e-05,-0.055183,-1.0031,0.020613,-0.03404,-0.014409,1.1533,-9.9746,0.53163,-16.688,0.68361,23.743,-1.211,-19.439,-0.049368,0.0098904,-0.030772,-1.0013,0.0078071,-0.020086,-0.011939,0.72723,-11.76,-1.5997,-18.918,1.0969,21.881,-0.66857,-19.303
33.4,-0.041356,0.0159,-0.024475,-0.99083,0.013929,-0.034174,-0.028779,0.25589,-9.7166,-0.12547,-18.391,0.6064,23.844,0.35117,-18.991,-0.056008,-0.0067788,-0.038231,-1.0057,0.0083751,-0.023113,-0.015696,-0.3606,-9.2729,-1.2721,-18.11,-1.3727,25.606,-0.66905,-19.664
33.5,-0.05585,0.0066412,-0.014332,-1.0177,0.011991,-0.020157,-0.014529,1.2546,-11.111,-2.6189,-19.84,-1.067,25.193,-0.3028,-20.412,-0.053476,0.0064587,-0.024897,-1.0054,0.010555,-0.026668,-0.01731,-0.5723,-9.3294,-1.2078,-17.17,0.53666,23.688,-1.056,-19.213
33.6,-0.041463,0.023612,-0.043221,-1.007,0.0065981,-0.022305,-0.023593,1.7483,-9.508,-1.333,-18.693,1.0041,25.387,-1.2695,-19.959,-0.048659,0.017232,-0.028554,-1.0019,0.0057832,-0.023699,-0.020181,-1.0726,-8.6428,-2.8275,-18.412,0.37863,25.731,0.29962,-19.55
33.7,-0.045235,0.0051631,-0.031097,-0.99039,0.015473,-0.019634,-0.02548,0.11365,-10.416,-0.3537,-16.916,2.1074,24.388,1.3039,-19.157,-0.055207,0.01566,-0.012376,-1.003,0.0079505,-0.022274,-0.014814,1.3683,-8.9644,-2.5589,-19.176,0.22402,24.936,-0.90269,-18.416
33.8,-0.052949,0.029153,-0.029965,-0.97608,0.015595,-0.032266,-0.021006,1.531,-8.2989,-0.74577,-16.27,1.4526,26.385,0.27034,-19.932,-0.028101,0.018976,-0.020364,-1.0056,-0.00027272,-0.023381,-0.016634,0.76664,-8.5973,-2.7897,-20.361,-0.68293,24.029,-1.4309,-20.312
33.9,-0.072156,0.011251,-0.039296,-0.99064,0.00038471,-0.033632,-0.018908,2.1378,-9.805,-1.8987,-19.025,2.5554,26.308,-0.66257,-20.274,-0.04579,0.007173,-0.017515,-1.0056,0.016716,-0.015555,-0.02278,-0.36382,-8.7659,-1.3846,-19.07,-0.29272,24.464,0.034758,-21.442
34,-0.046728,0.010122,-0.0020189,-0.97835,0.0046394,-0.022881,-0.018632,0.57996,-10.247,-0.83946,-18.101,-1.4193,26.247,-0.71369,-18.351,-0.04078,0.027748,-0.033846,-1.0188,0.003919,-0.038944,-0.01673,0.62187,-9.0571,-0.81224,-18.105,-1.3283,23.603,0.28072,-18.908
34.1,-0.054095,0.0096773,-0.01089,-1.008,0.0085173,-0.016816,-0.01216,0.71866,-8.1396,-2.3977,-18.132,0.72232,25.576,-1.0526,-20.562,-0.060779,0.00087253,-0.019278,-0.99217,-0.001524,-0.02147,-0.016825,0.92449,-8.2222,-0.70185,-19.833,-0.29305,25.13,0.65624,-20.883
34.2,-0.039309,0.028571,-0.035324,-1.0003,-0.0054744,-0.025322,-0.017934,0.72962,-8.736,-1.3297,-21.21,-0.75457,24.676,-0.72748,-19.362,-0.054852,0.018111,-0.047645,-1.0027,-0.0089776,-0.020633,-0.014539,0.16243,-7.3119,-1.4251,-18.046,-2.8637,24.862,-0.44798,-20.062
34.3,-0.063613,0.018785,-0.017553,-1.0162,0.0052966,-0.029401,-0.010534,-0.11336,-9.0441,-1.9558,-21.73,0.1232,26.876,0.61546,-20.115,-0.047287,0.030227,-0.0049176,-0.97772,0.0054685,-0.022048,-0.018009,1.5436,-8.884,-0.54102,-20.645,-1.2327,25.238,-1.918,-20.14
34.4,-0.054558,0.01755,-0.036289,-0.98917,-0.00208,-0.0198,-0.015617,1.4891,-8.4929,-2.4535,-22.078,-0.53896,24.602,-0.14044,-18.528,-0.04578,0.00065457,-0.028427,-0.99388,-0.0048178,-0.012492,-0.0066381,2.9999,-6.3357,-0.51368,-21.825,-0.31541,26.606,-1.4301,-20.061
34.5,-0.060992,0.014345,-0.022875,-0.98802,0.0087191,-0.015094,-0.017651,1.6286,-6.1194,-2.526,-20.964,-0.48433,26.15,-2.1566,-19.569,-0.044414,0.016125,-0.0094,-0.99347,0.0031534,-0.015076,-0.016363,0.4377,-6.1591,-1.7771,-21.281,0.3847,26.868,0.29135,-21.6
34.6,-0.042607,0.00088407,-0.019575,-1.0036,0.0026777,-0.025946,-0.018372,0.46215,-8.7534,0.36678,-21.951,0.86835,26.703,-1.3171,-20.361,-0.056049,0.030881,-0.0035954,-0.99017,-0.0077701,-0.0014587,-0.014655,0.40942,-5.2031,-1.2886,-21.671,-0.58676,23.185,-1.0812,-22.376
34.7,-0.057879,0.035213,-0.026707,-0.99988,-0.0063536,-0.02577,-0.016143,0.58207,-7.2939,-1.3602,-20.936,-1.5387,25.604,0.63036,-21.436,-0.046731,0.013052,-0.005536,-0.99135,0.0049152,-0.019128,-0.019618,1.2344,-7.1935,-0.21991,-21.758,-1.1305,23.781,-1.1596,-20.943
34.8,-0.048859,0.0085659,-0.027452,-0.98542,-0.0001367,-0.020603,-0.0067961,0.21918,-7.4701,0.40889,-21.489,-3.4951,26.508,-0.45359,-19.025,-0.058488,0.0093044,-0.013365,-0.9989,0.0020656,-0.020602,-0.014052,1.1484,-6.795,-0.60988,-24.152,-0.018983,25.283,-0.15637,-20.087
34.9,-0.056941,0.011011,-0.014474,-0.99141,-0.00031671,-0.016382,-0.0044621,-0.24419,-6.1353,-1.4681,-24.71,0.39335,25.731,1.3345,-21.31,-0.061936,0.016522,0.003223,-0.9966,-0.0055363,-0.01161,-0.010151,1.6761,-6.1498,-2.2509,-23.925,1.9632,25.084,-2.2882,-20.028
35,-0.045805,0.02832,-0.012962,-0.9851,-0.0083858,-0.021687,-0.011205,1.7352,-5.3112,-1.9086,-23.776,0.64876,24.809,1.3015,-19.268,-0.050964,0.011451,-0.0065843,-0.9886,-0.0065042,-0.02139,-0.0046458,-1.1187,-5.1603,-3.044,-24.87,-0.036931,23.232,0.6312,-21.078
35.1,-0.049413,0.041551,-0.01863,-0.99013,0.00030979,-0.015507,-0.0077193,0.45368,-5.1522,-0.33295,-25.023,-0.93286,25.718,-0.88593,-19.876,-0.040247,0.030875,-0.003524,-1.0046,-0.015067,-0.0078559,-0.015835,1.1631,-6.0987,0.76805,-24.202,-1.582,25.545,0.17271,-20.488
35.2,-0.05457,0.023229,-0.022453,-1.0112,-0.0060905,-0.016006,-0.017955,1.1927,-6.9267,-1.5571,-23.742,1.3065,23.235,-1.9373,-20.245,-0.031338,0.020201,-0.0098972,-1.0095,-0.0076797,-0.0080371,-0.011885,0.33375,-3.8657,-1.9618,-22.386,-0.50474,24.064,-1.8429,-19.454
35.3,-0.040009,0.027607,-0.00096819,-0.98997,-0.011909,-0.004754,-0.017105,0.19748,-3.793,-2.4277,-23.835,-0.10896,25.505,2.0409,-21.322,-0.044817,0.0050035,-0.0073483,-1.008,-0.0083597,-0.013831,-0.014204,1.1996,-4.9563,-2.5477,-25.707,-0.38639,22.639,0.7656,-20.774
35.4,-0.040959,0.039628,-0.017593,-0.98262,-0.0060506,-0.014404,-0.0071556,-0.028452,-4.6205,-2.2386,-26.281,-0.78321,25.002,0.67185,-20.629,-0.052394,0.027956,-0.002218,-0.99769,-0.005862,-0.0083559,-0.013957,-0.12276,-4.109,-0.10174,-25.239,0.97418,24.794,0.46483,-20.756
35.5,-0.045444,0.020745,-0.0099989,-0.99504,-0.019436,-0.012538,-0.012504,0.47731,-3.166,0.010362,-26.066,0.28154,26.351,0.62256,-21.816,-0.05779,0.055844,-0.014704,-1.0008,-0.015164,-0.016846,-0.0055511,-1.2002,-2.1439,-2.8026,-25.394,-1.6776,23.964,-0.054212,-19.521
35.6,-0.028919,0.034957,0.0070018,-0.97964,-0.021985,-0.0037514,-0.0078545,0.54854,-1.5308,-2.664,-25.636,-0.25067,25.874,-0.59547,-20.358,-0.038228,0.01432,-0.011063,-1.011,-0.013666,-0.017878,-0.0042977,3.4193,-3.5929,-1.4272,-25.348,-1.5028,22.49,-2.025,-20.568
35.7,-0.042428,0.02702,-0.014015,-0.98451,-0.011508,-0.012095,-0.012517,-0.10148,-3.5601,-0.29539,-27.56,0.52567,25.668,-0.53822,-23.333,-0.039296,0.0094213,-0.014281,-0.9875,-0.012165,-0.015416,-0.01365,-0.72741,-2.0638,-1.3048,-26.172,0.084227,22.202,1.9976,-20.14
35.8,-0.026423,0.020972,-0.01218,-0.98903,-0.015941,-0.005746,-0.014531,1.1884,-3.5073,-0.91997,-26.566,-1.1891,23.921,1.5298,-22.199,-0.035338,0.030778,0.0025082,-0.99639,-0.010328,-0.0078154,-0.012063,2.2479,-2.5603,-0.12016,-24.902,-1.1224,24.365,-1.9005,-20.985
35.9,-0.043906,0.03225,-0.017827,-0.97133,-0.015135,-0.006761,-0.0060907,0.69966,-1.3751,1.0242,-27.673,1.332,25.465,0.84053,-19.746,-0.040906,0.051841,0.0045718,-1.0089,-0.02124,-0.0047239,-0.0035168,0.94289,-2.0058,1.7164,-28.305,0.61719,22.108,-0.97478,-21.021
36,-0.065953,0.030173,-0.0072173,-1.0053,-0.022252,-0.0058511,-0.012133,0.19872,-1.062,1.2475,-26.142,-0.86424,25.107,0.82851,-21.238,-0.051872,0.023206,0.0073347,-1.0036,-0.012938,0.00046925,-0.0078526,0.5511,-1.1748,-1.5883,-26.191,-0.3308,25.574,-0.86263,-19.549
36.1,-0.03923,0.032164,-0.013967,-0.9879,-0.021307,-0.0081202,-0.011013,0.23086,-1.6812,-3.2337,-28.098,0.10658,24.149,1.0226,-22.398,-0.044468,0.040627,-0.0057798,-0.99233,-0.024869,-0.0025377,-0.0075255,1.4166,-1.9226,-0.32904,-28.941,0.10557,25.487,-2.235,-19.51
36.2,-0.028508,0.042714,-0.016598,-0.99212,-0.023318,0.0051087,-0.0075225,0.76285,-0.6034,-1.88,-28.471,1.4255,23.243,0.2827,-23.082,-0.017896,0.029936,-0.0090183,-0.98888,-0.025521,-0.00076723,-0.014327,0.40705,-2.2505,-1.6476,-29.157,-0.44505,23.378,1.0159,-19.309
36.3,-0.037297,0.047174,-0.021372,-1.001,-0.010562,-0.0084669,-0.012989,0.66038,-1.8356,-0.060012,-26.764,-0.14286,22.429,0.044893,-21.302,-0.049117,0.020852,0.0042884,-1.0095,-0.020826,0.0017851,-0.0052248,-0.91762,1.3344,-1.9865,-29.329,2.1179,24.037,-0.38247,-20.415
36.4,-0.047113,0.031888,-0.0070757,-0.99995,-0.010159,-0.011687,-0.018557,1.3613,-1.3417,-0.58378,-28.628,-0.23845,23.245,-2.1722,-20.6,-0.042086,0.014687,-0.013298,-1.0173,-0.023455,0.0013327,-0.0095927,0.59519,0.55569,-0.012134,-29.248,-0.56508,22.655,-0.075655,-20.856
36.5,-0.028632,0.033666,-0.0026388,-0.99929,-0.019488,0.0050002,-0.0090859,-0.46808,-2.4908,-2.6699,-28.728,-0.87995,22.253,0.39208,-20.696,-0.049702,0.025972,-0.0067524,-1.0031,-0.027381,0.00070186,-0.016113,1.3543,-0.1497,-1.3281,-30.4,-0.42052,23.107,0.11893,-20.126
36.6,-0.030349,0.017414,0.0088077,-0.99653,-0.020097,-0.00028167,-0.0056079,0.33705,-0.43846,-1.657,-29.409,-1.4321,21.959,0.99753,-20.518,-0.050065,0.034479,-0.010527,-1.0134,-0.027678,-0.0014826,0.00043538,0.44146,1.3939,-0.45976,-30.227,-1.9225,22.463,1.1722,-20.83
36.7,-0.051128,0.018231,0.0033763,-1.0092,-0.014278,-0.0022539,-0.010573,-0.054004,-0.13296,-1.2769,-30.966,-0.55689,23.443,1.9367,-19.434,-0.036799,0.027358,-0.012367,-0.99621,-0.019195,0.0030067,-0.0092518,1.3973,-0.038795,-1.4247,-29.415,-0.51573,22.142,0.26524,-18.01
36.8,-0.020059,0.031608,0.0033002,-0.99257,-0.022465,0.0022287,-0.01039,0.2142,0.43374,-0.53686,-32.616,-0.65463,22.295,3.2685,-19.955,-0.034395,0.021189,-0.024313,-1.0007,-0.024436,-0.0031146,-0.0017548,2.076,-0.082234,-1.8706,-29.604,-0.71788,22.742,2.1635,-19.746
36.9,-0.020632,0.036824,-0.00187,-1.0229,-0.024568,0.00049104,-0.0091818,0.38642,0.373,-1.2379,-29.992,-1.7202,20.039,-1.7103,-21.321,-0.028677,0.037182,0.0074492,-0.99035,-0.02097,0.0061923,-0.01061,0.74927,0.48038,-1.1667,-31.145,-0.9422,21.146,2.4866,-17.929
37,-0.03979,0.047677,-0.037437,-0.9827,-0.030469,0.0042205,-0.011882,0.079236,-0.48865,-0.84147,-30.477,-1.3198,22.434,2.6644,-20.014,-0.044845,0.018424,0.011163,-0.99725,-0.029165,0.015635,0.001275,1.211,0.72478,-0.96843,-31.942,-0.34069,19.797,1.4045,-18.13
37.1,-0.02744,0.037663,-0.011807,-1.0214,-0.027607,0.016411,-0.010626,0.57617,1.5559,-2.17,-32.894,-2.6693,21.701,1.0114,-19.386,-0.02537,0.030797,-0.0028518,-1.0147,-0.02481,0.015963,-0.0034098,0.93712,1.7721,-1.9168,-31.876,-1.3354,21.607,1.2329,-20.061
37.2,-0.038447,0.023292,-0.0057438,-0.97906,-0.028696,0.010695,-0.01311,1.8873,0.32256,-0.72942,-30.492,0.50349,20.469,-0.23292,-18.491,-0.028815,0.022102,-0.0085873,-1.0169,-0.017854,0.01821,-0.013476,-0.73628,3.43,0.39537,-32.005,-0.9554,19.689,0.71048,-18.46
37.3,-0.020686,0.036353,0.019441,-0.98929,-0.020347,0.01065,-0.0083478,-1.4377,3.4144,-1.791,-32.738,-1.1596,20.916,-0.73252,-19.138,-0.025085,0.030239,-0.018478,-0.99922,-0.025141,0.0060874,-0.0086114,-0.71012,0.81419,-0.51547,-30.947,-0.5369,18.577,-0.49129,-17.354
37.4,-0.04139,0.032864,0.010276,-1.0167,-0.016758,0.016929,-0.0028017,-0.20573,2.682,0.33018,-32.874,0.46138,21.66,1.4477,-17.613,-0.033661,0.018716,0.00038976,-1.0037,-0.030483,0.012978,-0.0080374,0.10057,1.5622,-1.4018,-32.207,-0.61241,19.767,-0.24731,-18.392
37.5,-0.025344,0.0098073,0.00066761,-1.0057,-0.0296,0.0060347,-0.0075789,1.0165,2.6427,-0.6612,-32.42,-2.0254,19.887,0.68462,-18.322,-0.026633,0.010848,0.0044697,-1.0161,-0.017079,0.018375,0.0057148,-1.3567,0.76147,0.76349,-33.813,-1.479,17.65,1.0762,-18.767
37.6,-0.00085545,0.034702,-0.0025763,-1.0036,-0.037422,0.022068,-0.0052487,-2.125,0.89,0.6749,-32.405,-2.0356,19.775,2.0559,-17.533,-0.016129,0.040043,-0.011151,-1.0029,-0.020524,0.015877,-0.0029693,0.17546,0.93524,-2.0833,-35.789,-1.6124,17.56,0.62706,-17.99
37.7,-0.015661,0.015169,-0.0031986,-1.0168,-0.018607,0.020373,-0.0059776,-2.2147,2.2294,-1.206,-33.674,-0.92069,18.619,2.371,-16.883,-0.025736,0.023268,-0.0089954,-1.0046,-0.020355,0.025526,0.006796,-0.32661,1.328,-1.3436,-33.92,-0.75204,18.602,2.1544,-17.089
37.8,-0.0085427,0.031006,0.0046011,-1.018,-0.022784,0.019402,-0.003411,-1.2697,1.5868,-0.5291,-35.025,0.80797,18.661,-0.47641,-17.94,-0.014765,0.012074,-0.0095096,-0.99893,-0.015775,0.021233,-0.0084067,-1.4581,1.0152,-3.2197,-34.233,-0.87868,18.133,0.60206,-15.446
37.9,-0.017173,0.034903,-0.0035625,-1.011,-0.029383,0.025009,-0.00078747,-1.2849,-1.4733,-2.5561,-35.218,-1.6978,18.368,1.4802,-16.498,-0.027669,0.012,0.005139,-0.9826,-0.015983,0.018023,-0.0012844,1.3336,-0.1904,2.1271,-34.969,-2.5668,16.346,-0.11757,-17.988
38,-0.032603,0.027894,0.0069131,-0.99512,-0.012088,0.019836,-0.0053216,1.3643,2.3466,-1.9517,-35.441,-2.1471,17.337,-1.3643,-17.041,-0.018348,0.0085518,0.0049919,-0.99695,-0.016122,0.017496,-0.0027264,-1.2882,-0.42378,1.3176,-34.219,0.74902,15.945,1.0652,-16.301
38.1,-0.021056,0.024431,-0.0014188,-0.99024,-0.016575,0.022536,-0.002827,-0.64196,-1.5477,0.25219,-34.879,0.040992,17.563,-0.35141,-16.16,-0.016433,0.026825,0.01353,-0.99334,-0.010255,0.016669,0.0034166,-0.10301,1.5325,0.18451,-32.847,1.3465,15.559,-2.3288,-18.592
38.2,-0.0079411,0.0046169,0.01659,-0.98951,-0.012489,0.024964,0.0021017,-1.8447,0.57013,-0.13378,-35.375,-0.78369,16.574,-0.23368,-18.563,-0.0017932,0.011131,0.0038714,-0.98831,-0.015125,0.017844,-0.0076978,-1.1225,-0.71705,1.5708,-33.006,1.4004,17.703,-1.0204,-17.413
38.3,-0.019885,0.024864,-0.010389,-1.0017,-0.01611,0.017075,-0.0013584,-0.97542,-0.81279,1.4569,-35.552,0.64735,15.811,-0.57348,-16.652,-0.017978,0.025161,0.0066573,-1.0068,-0.019582,0.015242,0.0063691,-1.8899,0.68457,1.1554,-33.901,1.8966,16.315,-1.1047,-16.771
38.4,-0.016185,0.027286,-0.0067868,-0.98676,-0.015937,0.025046,0.0043986,-0.61192,-0.33017,1.9555,-35.078,0.38234,17.875,-0.069632,-16.769,-0.027406,0.018345,-0.0041492,-0.99832,-0.014121,0.020717,-0.0032775,-2.6012,-0.17379,-0.17166,-32.383,0.23737,16.705,-2.7786,-17.595
38.5,-0.016555,0.013372,-0.017617,-0.99854,-0.011877,0.017639,-0.0013027,-1.875,-0.9134,0.06331,-35.213,2.6777,17.84,0.58255,-16.163,-0.025698,0.014864,-0.0034087,-0.99307,-0.022685,0.020862,-0.0075186,-1.2496,-1.5692,-0.31972,-33.563,0.21056,15.396,-1.5534,-18.698
38.6,-0.018125,0.0043906,-0.0096241,-0.9946,-0.01401,0.020445,0.0075912,0.28658,-0.54338,0.036796,-33.229,-0.37227,18.968,-1.4936,-16.283,-0.028996,0.020148,-0.0064012,-1.0044,-0.011099,0.016706,0.00038488,-1.9435,0.31447,0.26067,-32.903,-0.39348,16.373,-0.57729,-17.266
38.7,-0.008544,0.025531,0.0036286,-1.0036,-0.02824,0.018534,-0.0023346,-2.1747,-1.0586,0.94085,-36.561,-2.4039,18.021,-1.6179,-17.94,0.00013305,0.027008,-0.0093535,-0.99681,-0.012838,0.0081843,-0.00093835,-0.30417,-0.60642,0.85059,-31.248,-0.24876,18.668,-1.8606,-18.112
38.8,-0.015136,0.0096589,-0.0065901,-0.99675,-0.0076627,0.019894,0.0045949,-3.1911,-1.6243,-0.65565,-32.886,0.27334,19.752,0.38691,-17.943,-0.0038846,0.021202,0.020596,-0.98494,-0.0096873,0.014015,-0.0044729,0.20726,0.49859,-0.14909,-34.718,-0.035522,18.207,1.2195,-17.173
38.9,-0.0084438,0.01536,-0.012629,-1.0003,-0.018035,0.012338,-0.0057781,-0.29095,-3.1453,2.1659,-34.42,0.58337,17.938,0.67996,-18.573,-0.017656,0.010181,-0.018456,-0.99617,-0.0094924,0.022512,-0.0053873,-0.86635,-3.6075,0.88972,-31.419,-1.2543,17.951,-2.2739,-16.092
39,-0.0050972,-0.012472,-0.004285,-0.99888,-0.013113,0.0082658,0.00040356,-0.50821,-0.28187,0.11552,-32.641,-1.3026,15.789,-0.012665,-19.051,-0.010229,0.024565,0.0044524,-0.99798,-0.0077602,0.0087042,0.0044912,-2.0862,-2.7647,0.29759,-30.849,-1.135,16.412,-0.43209,-17.218
39.1,-0.02205,0.016899,0.0025981,-1.0022,-0.0037498,0.013868,-0.0045669,-1.9376,-2.1493,0.33419,-32.483,1.0701,17.383,-0.10781,-15.799,-0.01266,-0.0012417,-0.013219,-1.0012,-0.0053586,0.0067829,-0.0031637,-0.50985,-2.5217,0.91695,-32.828,0.50661,19.418,-0.36096,-19.549
39.2,0.0037012,0.028449,-0.0030521,-1.0032,-0.011541,0.010846,-0.0020035,-0.44526,-2.7077,0.36766,-32.134,-1.5188,18.044,-0.025015,-19.476,-0.0053291,0.0031479,0.0084891,-1.0093,-0.007504,0.0093972,0.0056248,0.9742,-3.3966,-0.54246,-32.415,0.92972,19.594,-1.6955,-19.684
39.3,-0.0012098,0.012555,0.010848,-0.99949,-0.012423,0.0072914,-0.0069749,1.0265,-3.1223,-1.2412,-31.935,1.2148,17.544,-0.84663,-17.925,-0.018779,0.0078207,-0.011074,-1.0033,-0.0098949,0.0071732,0.0056171,1.8409,-3.8651,0.37858,-32.407,2.332,17.016,2.9515,-17.239
39.4,-0.01436,-0.0013014,-0.0018702,-0.99018,-0.0055688,0.0057759,-0.0021179,-0.44901,-2.5101,-1.1619,-33.208,1.7292,17.96,-0.95102,-18.341,-0.014684,0.010092,-0.0042329,-0.99437,-0.010325,0.011245,-0.0046731,-1.4173,-3.3465,0.69314,-30.915,2.8992,18.08,0.86901,-16.074
39.5,-0.014722,0.014187,-0.01008,-1.0065,0.00063771,0.020982,0.00031535,-0.67294,-1.946,2.3578,-30.711,-0.33648,18.384,-0.51651,-17.216,-0.0033796,-0.0045947,0.0017019,-1.0003,-0.010678,0.014205,0.00079896,-2.2548,-3.7776,0.33223,-31.602,-2.0354,17.053,-1.0626,-17.013
39.6,-0.013162,0.0080133,-0.0026105,-0.99907,-0.012171,0.012782,-0.010615,-0.17204,-3.4423,3.054,-31.813,-1.0835,16.344,0.40514,-18.591,0.023192,0.025592,0.010948,-1.0096,-0.014742,0.0038045,0.005866,-0.9429,-4.1105,1.2601,-32.019,-0.47111,15.356,-1.1785,-17.465
39.7,-0.013893,0.0057779,0.0055821,-0.99845,-0.0006584,0.0025986,-0.0038147,0.65933,-2.0975,-0.63484,-31.039,0.6369,17.211,0.96296,-16.608,-0.0021119,0.010114,0.00084689,-0.9888,-0.0028015,0.0047574,0.0048996,-0.36201,-2.8446,0.90519,-30.963,1.8605,18.153,0.63266,-16.568
39.8,-0.0048426,0.0090978,-0.00080978,-1.0089,-0.013599,0.0038313,0.0036827,0.66877,-3.0213,-0.88377,-31.951,-0.18907,17.922,-0.94847,-17.627,-0.014012,0.012679,-0.0083424,-1.0074,-0.004621,0.014152,-0.0021566,-0.58537,-4.0976,0.16886,-32.251,0.95987,17.009,-0.59536,-18.034
39.9,-0.019019,-0.00017518,0.020172,-1.0023,-0.0034878,0.008862,0.000317,0.43907,-4.2999,-0.16613,-31.205,-1.7137,17.15,-1.9839,-17.147,-0.0040207,0.00040439,0.0072309,-1.0008,-0.0061241,0.012586,0.0035036,-0.36503,-1.2267,-1.2072,-30.259,1.2894,18.507,-0.89676,-15.801
40,-0.032425,0.014887,-0.0078834,-0.99686,-0.0037282,0.005417,-0.00032911,1.3735,-3.5267,0.6469,-31.441,-0.1223,18.065,-1.6818,-18.586,-0.003487,-0.00067865,0.015702,-1.0049,-0.01451,0.0089449,-0.0088222,-1.517,-4.4548,0.80145,-29.944,0.21971,16.093,1.4196,-17.119
40.1,0.0029665,0.015075,-0.0035026,-0.99643,-0.00093452,0.01014,-0.0019608,-0.070906,-2.2995,-2.1106,-31.349,-1.0292,19.397,0.33296,-19.041,0.0049719,-0.017204,0.00044448,-0.99642,-0.0072213,0.0099082,-0.0047393,-1.7416,-3.2628,0.059559,-31.55,0.96027,17.573,-1.2399,-18.582
40.2,-0.020564,0.00025277,-0.0038435,-1.0115,-0.0094213,0.010657,-0.0023505,-1.7169,-4.7964,-0.89992,-32.223,0.48558,18.642,0.96288,-17.493,-0.0084027,-0.011504,0.0035198,-0.99328,-0.0010296,0.0010815,-0.002038,-0.43852,-4.3849,0.63291,-31.431,-1.1257,20.319,0.76141,-19.012
40.3,-0.0098437,-0.0042234,-0.0024616,-1.0207,-0.005833,0.011037,0.0063899,-0.054509,-1.9008,0.17267,-30.242,0.75842,16.314,-1.8956,-16.12,0.0035644,0.0018415,0.00020768,-1.0094,-0.0060473,0.010664,-0.0075621,-0.74735,-3.6896,0.060829,-31.35,-1.1682,15.306,-1.3914,-17.161
40.4,-0.011501,0.0078504,0.014835,-1.0175,-0.017085,0.0041881,0.00031033,-1.132,-3.347,-0.19713,-29.828,-1.2082,18.233,-1.1791,-16.991,0.0013556,-0.0064734,0.0035313,-1.008,-0.0076724,0.0085622,-0.0067464,0.41339,-3.5313,0.84246,-29.012,0.19547,19.144,-0.36343,-17.406
40.5,-0.029557,0.0014343,0.0087339,-0.98958,-0.0047508,0.00037293,0.0021983,-0.2189,-4.5705,0.35482,-30.397,0.011157,18.454,-1.5747,-18.871,0.0054369,0.013887,0.0045598,-0.98398,-0.0097369,0.0063165,-0.0041283,1.1555,-3.8118,0.17091,-30.336,0.91167,17.46,-0.79691,-17.669
40.6,-0.014567,0.018915,-0.01333,-1.0091,-0.0049226,0.012588,-0.0036456,-0.90376,-4.146,0.055052,-30.725,-1.3647,19.256,0.33541,-18.435,-0.0079662,-0.01069,0.00634,-0.99512,-0.012136,0.0081197,0.0013512,-2.6223,-4.6982,0.31149,-30.734,0.64751,17.892,1.1404,-18.181
40.7,0.00044793,0.0011311,-0.02422,-1.0027,-0.0050204,0.013207,0.0076357,-1.028,-4.6309,-0.76649,-32.106,1.558,19.856,0.83863,-17.441,-0.013563,0.013752,0.0038007,-1.0004,-0.014633,0.0010827,-0.0039251,0.25417,-2.4144,-0.34877,-30.739,0.26155,17.497,-1.6255,-16.503
40.8,-0.007065,-0.0081473,-0.0021473,-0.99128,0.0012942,0.0010585,-0.0014078,-1.3402,-4.4798,-0.19435,-30.406,0.62305,17.729,1.6727,-17.302,-0.011014,-0.011455,0.012409,-0.99092,-0.0018566,-0.0018424,0.0018692,1.4183,-2.6933,0.25514,-32.404,-0.98381,17.803,0.48931,-15.59
40.9,-0.010015,0.021561,-0.00041772,-1.0062,-0.0068468,0.0022703,0.0051366,0.1822,-5.7111,-0.021491,-31.387,-1.2571,18.367,0.73676,-17.843,-0.010165,0.0008082,-0.011426,-0.99757,-0.013915,0.0011013,0.0071787,2.7924,-4.5383,-0.0010051,-30.433,2.0826,17.671,-2.8601,-17.293
41,-0.0060161,0.0050755,-0.0066029,-0.99235,0.0018047,0.011761,-0.015942,0.93273,-4.1347,2.2404,-30.559,-0.96607,18.801,-1.5092,-17.527,-0.0074496,0.0093631,-0.011249,-1.0071,-0.0079148,0.0074284,0.0069993,-1.9089,-5.0267,0.81351,-30.379,-0.15034,16.826,0.1682,-16.978
41.1,-0.020952,0.0019141,-0.0086531,-1.0153,-0.0019588,0.0080029,-0.0010489,0.95108,-4.5478,1.1161,-31.183,0.38542,19.651,2.0893,-17.51,0.0077672,-0.0073134,-0.0058549,-1.0015,-0.010899,0.012991,-0.009401,-1.9811,-1.7556,-3.1229,-31.639,0.62314,16.967,0.13659,-18.711
41.2,-0.018319,0.0035192,-0.0023849,-1.0059,-0.00099431,0.0022196,-5.5049e-06,-0.63253,-4.6155,0.20565,-31.391,0.46593,18.198,0.31329,-17.25,0.011238,0.020898,-0.0010546,-1.0006,-0.0017886,0.0097416,0.0031925,-2.4538,-4.1192,0.071493,-30.914,-0.39328,18.087,-0.28822,-18.16
41.3,-0.00998,0.021683,-0.0049674,-1.0149,0.0038243,0.0045317,-0.0073362,0.66226,-4.8308,-1.7541,-31.981,1.8125,17.628,0.88978,-16.572,0.0048052,-0.016506,0.00047672,-0.99795,-0.0073227,0.004697,-0.0069807,2.1558,-4.0906,1.138,-29.605,-0.90873,17.929,1.4157,-15.201
41.4,-0.021485,0.0032939,0.0093601,-1,-0.0047257,0.0026909,-0.0031976,0.87886,-5.5614,-0.28849,-29.389,-1.1107,19.431,0.8468,-16.749,0.013475,0.014064,0.0050001,-0.99181,-0.0053786,0.0044595,-0.0033504,0.52109,-3.7626,-0.16508,-31.331,-0.61122,17.931,-1.2876,-16.748
41.5,0.0031638,-0.00094643,-0.0017437,-0.99412,-0.0067462,0.0023483,0.00032961,1.5986,-3.9525,0.27276,-29.375,0.43976,17.824,-0.29552,-18.045,-0.020401,0.031854,0.024046,-1.0163,-0.0054796,0.00607,0.0065317,0.35101,-4.0753,0.55631,-30.615,-1.0276,17.303,-1.7314,-17.289
41.6,-0.015183,0.01391,0.017077,-1.0037,0.0021848,0.0093037,-0.0020301,0.98825,-4.5616,0.40747,-30.045,-0.63933,19.483,0.38578,-18.868,-0.014661,0.002279,0.0012981,-0.98759,0.0023563,0.00035622,-0.0042015,-1.3859,-5.5188,1.0096,-30.94,0.748,16.884,0.87152,-18.802
41.7,-0.011995,0.0094432,0.0029448,-1.007,-0.0032503,0.0043429,-0.010303,-1.0998,-4.2755,-0.92485,-32.198,0.62724,18.964,-0.67487,-17.702,0.021313,-0.00058347,0.005353,-1.0136,-0.0078998,-0.0039638,-0.0091627,0.64614,-4.9601,0.31228,-31.152,0.78099,17.436,-0.35504,-17.983
41.8,0.00021203,-0.0089789,-0.0016927,-1.005,0.001576,0.001568,-0.0085622,-0.10204,-4.1172,0.65884,-33.295,1.0049,18.1,-0.12645,-17.505,-0.019684,-0.00082376,0.018214,-1.0025,-0.0090531,-0.0010931,0.0057468,1.86,-4.4821,-1.4884,-31.336,-0.33026,19.362,0.77094,-17.562
41.9,-0.018185,0.0135,0.0030143,-1.0036,0.0017522,0.012926,-0.0026402,1.0785,-5.6007,-0.010192,-32.179,-0.74549,19.449,-1.9416,-17.945,-0.0041813,0.0057454,-0.0079299,-1.0092,0.0076367,-0.011623,0.00063909,0.58902,-6.3778,1.8989,-30.506,-1.3652,17.243,0.68115,-16.618
42,-0.014844,-0.015716,-0.0071381,-1.0001,0.006084,0.000927,-0.002723,1.206,-5.5928,1.8254,-30.895,-0.9264,17.817,0.62884,-17.243,-0.0094793,0.00056224,0.0023003,-0.99546,-0.0026986,0.0046207,0.0062443,-0.7636,-6.4769,0.78104,-30.304,-0.37767,18.869,-0.49986,-17.436
42.1,0.0050423,0.013478,0.0089064,-1.0031,-0.0031243,0.0090452,0.0066185,-0.044761,-3.204,0.84131,-31.794,0.76582,16.565,-0.23261,-17.375,0.0068746,-0.0030702,0.0050384,-0.99358,-0.0045208,0.0052349,0.0082864,-1.0636,-5.7577,-1.7707,-28.829,0.78895,17.879,-0.15639,-16.708
42.2,0.0024287,0.011316,-0.0016057,-0.98801,-0.0040643,-0.004144,-0.0034414,-1.7944,-5.1191,-1.394,-30.847,0.66832,18.279,0.11794,-16.638,-0.0122,0.0019767,-0.0089366,-0.99326,0.0056949,0.0016841,-0.0011557,-1.6113,-6.5577,-0.94785,-29.383,0.17148,18.136,0.95918,-17.218
42.3,0.0020974,-0.01727,-0.0054609,-1.0033,-0.0022612,0.0028885,0.0070531,-0.72347,-4.0721,-0.82529,-31.016,1.3252,18.771,0.95157,-16.421,0.0078614,-0.0028323,-0.0024462,-1.0005,-0.0054334,0.0032949,0.0024411,0.53536,-5.6628,0.037932,-30.237,0.46909,17.751,-1.2189,-18.942
42.4,-0.0074884,0.0027163,0.005187,-1.0176,0.0010929,0.0097331,0.012694,-1.7785,-5.6894,-0.24658,-28.639,1.665,17.294,0.70967,-18.199,-0.0089733,-0.008632,0.00099914,-1.0073,-0.0081464,-0.009698,0.010393,-0.52417,-4.0291,-0.98374,-29.803,-0.085766,19.697,-2.533,-18.33
42.5,-0.010692,0.0012609,0.0018681,-0.98664,-0.0021971,0.00048731,0.0004532,0.28434,-5.1422,-0.089976,-29.462,-1.255,18.498,-1.8801,-16.957,-0.0030222,0.020287,-0.0060554,-1.0056,0.0045187,0.0039054,0.0096837,-0.0079338,-4.949,-0.85586,-27.68,-0.94459,17.66,-0.21579,-17.525
42.6,0.0043522,-0.00075581,0.0022506,-0.99973,-0.0053432,-0.003407,-0.0017841,-0.71382,-4.786,0.68481,-30.608,1.2929,17.62,-0.26801,-18.255,-0.010247,-0.00099604,-0.0039225,-0.99753,-0.0026606,-0.00069779,0.00030955,-0.45931,-5.1491,-1.2498,-29.04,1.016,16.909,1.5953,-15.928
42.7,-0.00069551,0.0023629,0.013423,-1.0063,0.0015097,-0.00037607,-0.00083048,-0.97782,-4.5508,0.54158,-31.493,-0.036495,16.609,0.85186,-18.815,0.0055627,-0.022935,0.0035124,-0.99256,-0.003977,-0.004968,0.0041458,-1.1683,-4.0544,-1.159,-30.105,-0.28138,18.535,-0.99793,-16.402
42.8,-0.0021073,-0.0070041,0.01166,-1.0017,0.0058362,0.0045559,-0.0033677,-0.99499,-6.4331,0.48913,-29.952,0.3384,16.863,2.429,-17.408,-0.0071017,-0.0060264,-0.037057,-1.013,-0.0030014,0.0014726,-0.0013629,-1.0122,-3.6046,0.75744,-27.708,-0.70618,18.196,-1.3371,-16.595
42.9,-0.01293,-0.0061878,0.0018141,-1.0084,-0.0011859,0.0013712,-0.0019608,-0.74193,-4.9263,-0.32255,-29.567,-1.5403,19.489,-0.67298,-17.415,-0.001239,0.013154,0.011748,-1.0075,0.0089057,0.00010455,0.0047397,-1.196,-2.9967,0.013346,-29.793,-1.8395,17.377,-0.88288,-17.419
43,0.017214,0.014088,-0.012263,-1.002,0.0006385,0.0012199,0.0021337,1.8571,-4.2233,-0.69404,-30.119,-0.83038,16.809,-1.2779,-17.694,-0.002916,0.0046819,0.02451,-1.0045,-0.0044157,-4.6328e-05,0.0018273,-0.7278,-4.3287,0.39606,-30.097,-0.030552,16.144,0.50184,-19.721
43.1,0.0034995,0.0014069,-0.0078734,-1.0016,-0.004875,0.0058451,-0.00069226,-1.2475,-5.5054,-0.10457,-30.657,-0.35356,17.52,-0.14255,-15.997,-0.0035864,0.0011063,-0.0077846,-1.0034,-0.0045186,0.00031806,0.0021281,-2.0523,-3.0172,0.54923,-31.364,1.4046,17.126,1.2337,-16.781
43.2,-0.0057887,-0.0043407,0.0047678,-0.9921,-0.00084703,-0.00032282,0.0081413,-1.1877,-5.4375,-0.072021,-30.434,0.61687,16.48,2.291,-16.997,0.0038716,0.0065967,0.022054,-1.0049,-0.0078296,0.0026088,-0.0068169,1.873,-3.8944,-1.268,-31.48,1.4469,17.362,0.61349,-16.471
43.3,-0.007665,0.00057894,-0.015195,-1.0034,-0.0077388,-0.0042371,-0.0042325,0.94601,-7.3753,-0.21648,-29.377,1.3467,18.528,1.5294,-15.411,0.011421,-0.0012906,0.00033918,-1.0135,0.00010021,0.00049046,-0.0079749,1.6973,-5.3214,-0.45744,-30.978,-0.83976,17.417,0.080225,-14.671
43.4,-0.010597,0.010183,0.023741,-0.99276,0.0021462,0.010781,-0.0052094,-0.94802,-6.0482,-1.0149,-28.99,0.76677,17.923,0.070427,-16.884,0.0076572,0.003839,-0.0027079,-1,-0.0043117,-0.0018792,0.0033264,-1.5115,-4.9113,-1.6512,-29.902,-1.7045,18.528,1.4248,-17.133
43.5,-0.012622,-0.0042069,0.00091796,-0.9918,0.0010844,0.0095845,0.0073522,-0.65779,-3.9668,0.5649,-31.66,-0.96442,18.447,-0.42209,-17.383,0.012865,0.013876,0.0010352,-1.006,-0.002783,0.0042696,-0.002086,1.3269,-4.0224,0.32422,-28.9,0.56303,17.55,-0.93112,-18.054
43.6,0.0021388,-0.0083203,-0.0048973,-0.98468,0.0051565,0.0066201,0.0075429,0.36075,-5.545,1.5705,-31.542,-1.8583,17.58,-0.056641,-17.597,-0.0010592,-0.003209,-0.0064989,-0.97436,-0.0020408,0.010773,-0.0050772,-0.008878,-4.6087,-0.49021,-29.045,-0.053439,17.829,0.60238,-18.493
43.7,0.00069249,0.011971,-0.0052646,-1.0075,0.0019962,0.0075517,0.0026165,-2.2284,-2.9182,-0.74834,-30.088,2.4476,15.702,0.21775,-18.625,-0.0048642,0.0072943,-0.0007592,-0.99731,-0.0083123,0.001988,-0.0090667,-0.27722,-2.5365,-0.69294,-28.596,-0.57843,16.993,1.4118,-16.561
43.8,-0.00505,0.0065448,0.0026735,-0.98511,-0.0025736,0.0046597,-0.0071804,-0.55715,-3.2587,1.7096,-32.004,0.27764,17.022,1.3414,-16.267,0.016308,-0.019269,-0.022698,-1.0143,-0.0062122,0.0042265,-0.011967,1.0542,-4.5886,0.73877,-31.41,0.58322,16.221,-1.3345,-17.278
43.9,-0.0020025,0.0040786,-0.013357,-0.9999,-0.0057343,0.004481,-0.0058753,-0.31803,-3.6297,-2.6276,-30.895,0.70879,18.962,0.77665,-15.18,0.0084124,-0.01426,0.0012188,-1.0096,-0.0056266,0.00044864,-0.0058389,-0.53065,-2.6967,0.39837,-29.594,-3.8089,18.442,-0.23534,-19.779
44,-0.001112,-0.005418,-0.013204,-1.0076,-0.0030652,-0.0026614,0.0037077,0.88236,-2.6686,-0.45695,-31.432,-0.27923,17.96,-0.27524,-18.91,0.0085235,0.014127,-0.0025336,-0.9867,-0.0025064,0.00099925,0.0040128,0.023836,-3.5128,1.5951,-28.949,0.20584,16.712,0.73252,-16.302
44.1,-0.0047504,0.0066345,-0.017342,-0.99002,0.0023355,-0.001994,0.0060538,-0.70608,-4.6596,2.4429,-30.877,-1.7352,18.233,-0.32377,-18.1,-0.0086955,-0.0019291,-0.0068176,-1.0087,0.0034531,0.006428,-0.0029996,-2.8422,-5.1132,-0.11359,-28.821,-0.62724,17.088,2.1406,-17.255
44.2,0.00087531,-0.0057522,0.0032621,-0.98332,-0.0041439,0.0033071,0.0061798,-0.28968,-3.204,0.55787,-30.72,1.3314,17.173,-0.68917,-18.199,0.017907,0.024919,0.014184,-1.0092,0.0068725,0.0027476,-0.0035307,0.68918,-3.547,1.8983,-30.313,0.6653,17.932,-1.6475,-15.03
44.3,0.0028789,0.01045,-0.0096486,-1.0032,-0.0023295,0.0036835,0.0023135,0.067114,-4.9571,-0.31978,-33.266,0.81914,17.1,-0.95549,-17.593,-0.0078626,0.0016477,0.026743,-0.99535,-0.0023163,0.0060253,0.0080922,1.6442,-4.2909,0.19348,-30.976,-0.5712,17.873,-0.42772,-14.936
44.4,-0.011133,-0.0077413,-0.026281,-0.99598,0.0003192,0.0039092,0.0031102,-0.31863,-4.3897,1.1051,-29.591,0.29557,16.95,-0.078853,-15.443,0.0066992,-0.0059827,0.0012914,-0.99681,-0.0025982,0.0039357,-0.0085901,0.15109,-3.5833,-0.43485,-30.437,0.80101,17.128,-0.42105,-15.408
44.5,0.015033,0.0027161,-0.0066156,-1.0069,0.00069829,0.0086972,0.0027663,1.3771,-3.7889,0.071081,-30.388,-0.9667,16.465,-1.7674,-16.204,-0.0034617,-0.0040099,-0.0028575,-1.0026,-0.0016373,0.0027236,0.0040585,-2.2207,-3.3267,-0.86849,-29.56,-0.11746,17.521,0.54904,-15.696
44.6,-0.0016588,-0.00076042,-0.0083417,-0.99849,0.00063536,-0.0079581,0.0032504,-0.055502,-5.2497,0.057998,-30.2,-2.0806,17.765,0.62161,-17.829,0.011826,-0.0063904,0.020978,-0.98224,-0.005089,-0.00080655,0.0057411,-0.45336,-5.0284,0.70688,-31.294,3.0926,17.272,3.3976,-15.413
44.7,-0.0083724,0.013795,0.011965,-0.99061,-0.0041321,0.0007651,0.0096532,0.20227,-4.0584,-0.37758,-30.113,1.0857,18.516,0.092712,-17.483,0.010204,0.0096611,-0.00078693,-1.0017,-0.0039088,-0.0031935,0.0081162,-1.8053,-5.0621,0.54505,-30.086,0.37412,16.655,1.8943,-14.077
44.8,-0.0032274,0.015771,-0.015331,-0.98636,-0.0024145,0.012548,-0.0025627,-0.53616,-4.4155,0.69909,-30.775,1.0885,18.397,0.077186,-18.135,0.0035919,0.0086593,0.0037279,-1.0031,0.0012392,-0.0030856,-0.0026897,0.52098,-4.9521,-0.52037,-29.448,-0.23935,18.893,-1.5597,-16.011
44.9,0.0054141,0.00049621,-0.0090116,-1.0099,0.0077114,-0.0041522,-0.00085794,-2.5364,-5.1162,-2.3539,-31.644,0.42119,16.198,0.20677,-17.738,-0.0015711,-0.0045475,-0.0015441,-1.0061,-0.0019191,0.0010082,-0.0053038,1.5553,-4.8864,1.0538,-29.354,-0.73363,17.123,-1.8278,-15.384
45,0.00032362,-0.005247,-0.0028661,-1.0046,0.003206,0.014328,-0.0091036,-0.57236,-4.503,0.13157,-30.951,-0.78131,17.375,-0.95791,-16.377,0.010188,-0.0054827,-0.0027366,-1.0147,-0.0021741,-0.0045896,-0.001915,1.1258,-4.6005,-1.1147,-30.045,-0.40017,17.005,-1.3013,-14.377
45.1,0.0053,0.013735,-0.0079249,-1.0069,0.00321,0.0097187,0.0054966,0.77029,-5.2309,-0.71451,-30.588,-0.11218,18.37,-1.7772,-16.19,0.0098936,-0.0049908,0.01202,-0.98674,-0.0085357,-0.0039104,-0.0038666,0.74465,-4.1869,-0.30242,-29.179,1.3438,16.207,-0.15878,-14.549
45.2,-0.0031276,0.017378,0.002917,-1.0146,0.00022398,0.0021444,-0.003411,0.61715,-4.6124,-0.54464,-30.308,-0.42317,18.6,-0.34334,-18.307,0.0026891,0.0057475,-0.0080286,-0.99754,0.00041697,0.006101,0.00030283,0.36002,-4.8598,0.61514,-28.711,0.5444,17.427,0.7202,-17.016
45.3,-0.0020848,-0.0044278,0.0021469,-0.99966,0.0096379,-0.0016632,0.0054864,-1.5567,-4.0741,-1.9946,-29.819,0.66682,20.091,1.2591,-15.683,0.0034109,-0.0051178,-0.011297,-1.0075,-0.0053946,0.013584,0.00029582,-0.077075,-5.0314,-0.75815,-29.468,-1.4263,16.249,1.512,-14.998
45.4,-0.015648,0.008384,-0.0049044,-0.98224,0.0018194,-0.0096088,-0.0022851,-0.13925,-4.8984,-0.50459,-29.796,-1.1444,18.945,-1.3413,-17.249,0.0047432,-0.014561,-0.0027363,-1.0088,0.00073998,0.0054402,0.0015184,-0.36339,-3.2659,0.709,-29.789,-1.8207,15.431,-2.5451,-16.783
45.5,0.017982,-0.0081723,-0.0070325,-0.98631,-0.0071565,-0.0012297,-0.0039074,0.37484,-4.8651,-0.57726,-29.885,-0.43968,17.786,-1.5639,-16.513,-0.01623,0.0049858,-0.011107,-0.99352,-0.0045986,0.0047933,0.0027273,-0.57123,-5.3223,0.78336,-29.436,0.4411,15.507,0.28474,-14.84
45.6,-0.020342,-0.0094671,0.0052013,-1.0032,0.00020125,0.0032179,-0.0095118,0.1838,-2.4632,-0.42172,-30.294,-0.23161,16.731,0.020035,-16.909,-0.0042666,0.00050678,0.0019984,-0.98563,-0.0033705,-0.0061311,0.00041539,-0.72855,-4.2815,0.98816,-29.856,-0.03851,17.211,-0.13608,-15.186
45.7,0.00070133,-0.01726,-0.010524,-1.0058,-0.0048914,-0.0017951,0.0031267,-2.3338,-3.9435,-0.83636,-32.776,0.5814,18.132,1.3746,-17.178,0.0054113,-0.0076381,-0.013589,-0.98473,-0.0033072,-0.004812,0.0061641,-1.842,-4.5793,-0.31572,-30.519,0.83449,15.556,3.075,-16.754
45.8,0.00077117,0.0042169,0.0063234,-0.99778,0.0036701,0.0051211,-0.0021584,-0.67072,-4.3307,0.63675,-31.474,1.3518,18.077,0.084916,-16.671,7.478e-06,0.0064557,-0.0064012,-1.0219,0.0058539,-0.00018373,0.0018499,0.17823,-2.5322,1.1284,-32.394,-1.2586,16.247,-0.3577,-15.328
45.9,-0.0010331,0.0092097,-0.010336,-0.98982,-0.0059735,0.00084663,-0.0016597,0.48667,-2.9489,0.53271,-30.084,-0.47757,16.664,0.23803,-16.474,-0.00099214,0.0020458,0.0031285,-1.004,0.007525,-0.0032934,-0.0010282,-0.59552,-3.4457,0.095198,-31.383,0.4348,18.324,-1.094,-16.035
46,0.0020189,0.012673,-0.0093151,-1.0033,-0.0074458,0.0012414,0.00077089,1.1151,-4.3721,0.39971,-30.211,0.18083,17.195,-0.4829,-16.865,-0.0035028,0.0058309,-0.0049323,-0.99791,8.4315e-05,-0.0035274,0.0025349,-1.6357,-2.4177,0.94642,-29.795,-1.5008,18.005,0.94336,-16.888
46.1,0.010504,-0.013324,0.013394,-1.0178,-0.0053181,-0.0029697,0.0094836,0.15228,-5.4433,-0.58195,-29.634,1.3375,17.51,-0.48626,-16.793,0.01198,0.020496,0.0017047,-1.006,0.0071206,0.0053366,-0.002822,-0.57933,-4.4981,0.7638,-29.195,0.54826,16.908,0.25042,-17.143
46.2,-0.026454,0.0059165,0.014906,-1.0083,-0.00073606,-0.0023112,0.010317,-1.2024,-4.87,-2.2249,-30.427,1.4208,18.639,-0.65938,-16.861,-0.0057854,0.0087823,-0.017483,-0.99493,-0.01061,-0.00047185,0.0055466,0.26076,-2.3237,-1.5218,-30.731,-0.048324,18.262,-0.51275,-14.379
46.3,0.0040644,-0.009088,-0.0056453,-0.99359,0.0055063,0.0041588,-0.0069397,-0.85001,-3.5869,-2.0629,-30.602,1.1033,18.576,1.0669,-15.452,-0.0068631,0.00089562,0.010946,-1.0121,-0.0027307,-0.0015557,0.0036042,0.73642,-4.758,-0.068972,-30.57,-0.92107,16.661,-0.20782,-15.869
46.4,-0.01484,0.0046031,0.0099943,-1.0099,-0.0040845,0.0016888,0.010097,-0.1232,-5.7742,2.0154,-29.853,-0.90953,17.587,-0.14784,-14.885,-0.0091355,-0.0017627,-0.010235,-1.0031,-0.0048859,0.0011977,0.0066174,1.6314,-3.9415,0.73212,-31.382,-1.1818,15.884,-0.05353,-16.229
46.5,0.006316,-0.0068702,-0.0066841,-1.0101,0.0035194,-0.0080061,0.013972,1.5979,-3.4062,-0.15918,-29.828,-1.671,18.599,0.18646,-16.428,-0.0043543,0.0016622,0.014285,-1.0043,-0.00078174,0.0092447,-0.0032948,-0.73931,-3.5061,0.20589,-30.534,-0.56782,17.495,-0.52614,-14.636
46.6,-0.014765,-0.016628,0.0053649,-0.98082,-0.0085984,0.0054697,0.0058599,-0.5657,-3.3219,-0.7221,-28.919,0.043273,16.996,0.0293,-17.313,3.1211e-05,0.00073833,-0.015079,-0.99211,-0.0030435,-0.008006,0.00088517,0.022524,-3.5204,-0.37274,-29.567,1.4426,17.72,-0.20816,-15.432
46.7,0.010423,0.01426,0.013015,-1.0022,0.0077542,-0.0011765,-0.0021176,-0.2145,-4.5366,-0.80542,-31.526,0.33696,18.068,0.65128,-15.993,-0.0057968,-0.0051655,4.4085e-05,-0.99101,0.0036684,0.0016614,0.0031385,0.66848,-4.6523,-0.57535,-30.064,2.5369,18.363,1.4396,-15.42
46.8,-0.0015274,-0.0068516,-0.0074214,-1.0043,-0.0017527,-0.0046715,-0.004924,-0.80306,-4.7443,-1.3189,-29.27,0.76668,16.887,0.33083,-16.818,-0.027732,0.0073927,0.0070961,-1.0091,0.0045568,0.012332,-0.0060276,-1.096,-4.5029,0.21407,-30.807,-0.76842,18.337,-2.9138,-14.815
46.9,-0.0048571,0.016245,0.0018339,-1.0205,-0.0003332,0.0051341,-0.0091212,-0.29575,-4.9598,0.47889,-33.336,0.62704,19.606,-0.79012,-15.94,-0.0039746,-0.0072749,0.0097142,-1.0061,-0.0023548,-0.00034209,-0.0059079,0.43593,-4.3254,-0.23578,-28.988,-0.90978,16.046,-0.46804,-14.431
47,0.0033703,0.015028,-0.0023641,-1.0068,-0.0027027,-0.0065044,0.010378,1.3342,-3.0946,-1.2145,-29.705,-0.59023,16.761,-1.1055,-15.109,0.0029498,0.0064882,0.0015608,-0.998,0.00094204,0.00033825,0.0017612,-1.3037,-5.0185,-2.2687,-30.335,1.1369,16.029,1.3815,-13.908
47.1,0.0041325,0.0058791,-0.0038701,-0.99756,0.0016182,0.0033292,0.0040653,0.28479,-4.2869,2.1292,-30.809,0.58872,17.13,-0.1451,-16.497,-0.00031952,0.0013909,-0.0089778,-0.99678,-0.00094034,-0.00094382,0.000368,-1.2842,-3.2359,-1.1817,-31.518,-0.66443,16.779,0.16288,-15.061
47.2,-0.0026013,0.0035236,0.02083,-0.99138,-0.010838,-0.0095118,0.0097178,0.1029,-5.7467,-0.19649,-31.924,-2.3896,18.112,0.71704,-16.602,-0.0066879,-0.0053162,-0.005827,-0.9928,-0.0012131,-0.0012161,-0.0066537,0.067871,-5.2572,0.76151,-30.758,0.64355,17.276,0.029474,-14.286
47.3,0.0044299,0.01224,-0.0068969,-0.99388,-0.0021052,-0.004265,-0.0011264,-1.7037,-4.4551,-1.572,-31.979,0.34158,17.507,-1.2085,-16.422,-0.0073416,-0.0052134,0.0052073,-1.0107,-0.00085263,0.0027295,-0.010054,-0.85326,-4.1906,-0.11153,-29.122,1.0332,17.763,-1.3758,-14.194
47.4,-0.020955,0.0057282,0.014794,-0.99307,0.0053859,-0.0040685,0.00026409,0.60038,-4.8158,-1.8353,-31.068,0.98505,18.32,1.3998,-17.467,0.0053815,-0.027735,-0.0064141,-0.99192,0.00219,-0.012186,-0.0033337,-0.18169,-2.9907,2.85,-28.891,-1.6363,17.668,-0.27127,-15.093
47.5,0.00012069,-0.0028495,0.0014688,-0.99453,0.0014357,0.0009012,-0.0010379,-0.9435,-5.9116,-0.79977,-30.996,-0.82149,18.235,-1.6386,-16.461,-0.0090161,-0.0034913,-0.0015781,-1.0105,0.007287,0.0029658,-0.0067736,1.449,-3.6686,-0.81363,-30.645,1.7249,15.425,-0.085661,-16.112
47.6,-0.0068284,-0.019349,0.0031164,-0.99658,-0.0025015,0.0055138,0.0030462,1.3681,-3.6789,0.044979,-30.453,-0.038057,18.291,0.65528,-16.23,0.01315,-0.017507,-0.018294,-0.99835,-0.012788,0.001689,-0.0036392,-1.2129,-4.8378,-2.276,-30.81,-0.40906,16.274,1.2552,-14.424
47.7,0.017359,0.022558,-0.014371,-1.0055,-5.4833e-05,0.0014288,-0.0036124,-1.6803,-4.2968,-1.2877,-29.531,2.4094,17.716,-0.41584,-18.027,0.0023016,-0.019104,0.0069538,-0.99312,-0.0012771,0.0051532,-0.002661,-1.5004,-4.9674,-1.6967,-30.099,1.7199,15.805,0.14935,-18.713
47.8,-0.0086526,-0.0056442,0.0072013,-1.0021,0.0021452,0.0059268,0.00026587,1.2505,-2.5763,0.16458,-32.349,-0.73953,17.522,1.7339,-14.964,0.00079087,-0.0022629,0.00029166,-0.99409,0.00073118,0.0067263,-0.0023519,-1.3917,-2.6826,0.35486,-31.641,-0.18884,15.705,-1.8814,-16.612
47.9,-0.0025154,0.014511,-0.0012923,-1.0023,-7.8855e-05,0.010225,-0.003924,-0.42374,-4.2089,0.41597,-29.634,0.90322,19.329,-0.11348,-17.699,0.012799,0.007524,-0.017259,-1.0032,-0.0044733,0.0033246,0.0020132,0.89191,-5.1032,-1.0562,-32.046,0.63122,19.083,-1.2455,-16.514
48,0.00097145,0.011478,0.010518,-0.99107,-0.0053978,0.0063753,-7.5504e-05,2.2184,-4.3708,0.52113,-30.178,0.35437,17.721,-1.7406,-18.364,0.023,0.0033455,0.019146,-1.0153,0.0037318,0.00058037,-0.0081164,0.39537,-5.4138,0.31174,-31.153,-0.45292,16.469,-2.2786,-15.21
48.1,-0.0080369,-0.0067854,0.00028327,-1.0071,-0.0092641,0.0035355,-0.0047447,0.1121,-5.5449,-0.31591,-33.808,-0.71875,18.854,1.9212,-17.741,0.00046485,-0.0045916,0.00036092,-1.0034,-0.0050871,-0.0026432,0.0060548,1.7948,-5.9771,-0.34711,-30.863,2.4177,16.993,1.2123,-16.066
48.2,-0.0092945,-0.032093,0.013608,-0.99536,0.0025858,0.0097038,-0.0013978,0.21263,-3.7557,-1.0271,-30.95,-1.0758,19.355,1.6479,-17.6,-0.004152,0.010378,-0.0034609,-0.98325,0.010229,0.010459,-0.0002678,-0.20048,-2.6323,0.85826,-30.088,-1.7227,16.52,1.8898,-14.977
48.3,-0.016161,0.0091307,-0.010729,-0.99908,0.00079725,0.00079809,-0.011629,0.28789,-4.0205,-0.69324,-32.704,0.21993,19.759,-0.24398,-15.923,0.0052337,-0.010435,0.0033997,-0.99914,-0.0019104,0.0040278,-0.0097042,-1.3058,-4.1201,-0.95817,-31.182,0.7127,18.924,0.51212,-15.245
48.4,0.0053631,0.0027898,-0.0045952,-0.99136,-0.0067335,-0.0092523,-0.0051273,1.3965,-3.9897,1.3301,-32.12,-0.3563,17.663,-1.4875,-17.03,0.010871,0.0061695,0.00091791,-0.99352,0.0098269,0.0029085,-0.0089592,-0.93929,-3.4147,1.4402,-32.496,-0.90896,17.153,1.0335,-16.163
48.5,-0.0084382,0.0094185,0.0097631,-0.99872,0.0021598,-0.0010008,-0.0095595,-0.065823,-4.679,-1.3646,-30.726,-1.1813,17.479,-0.69839,-17.195,0.00363,-0.0007841,0.0035455,-0.98802,-0.0007812,-0.00038144,0.0052954,1.1867,-3.1958,0.68369,-30.623,-1.9998,16.801,0.2529,-15.896
48.6,-9.2167e-05,0.0019568,0.0054094,-1.001,0.00062014,0.0023999,-0.0041057,-0.84087,-5.3806,-0.39762,-31.058,1.9696,16.26,-0.88577,-16.609,-0.016211,0.011238,0.0015394,-1.0042,-0.0020741,-0.016873,-0.0052876,0.49439,-4.6683,0.53654,-28.325,0.53916,16.407,-0.64713,-14.852
48.7,0.0015055,-0.0011399,0.00023783,-0.98736,-0.0020855,-0.0058798,0.010924,0.46473,-3.9212,-0.42912,-31.865,1.2326,17.378,0.26843,-15.675,0.0070718,0.0010375,-0.016208,-1.0033,-0.0015249,-0.0070274,-0.0039455,-3.8809,-2.611,-0.039665,-29.027,0.36655,17.895,0.69167,-17.301
48.8,0.024043,0.018536,0.0054991,-1.0041,0.0083158,0.0012484,0.00025238,-0.093667,-3.8934,0.31403,-34.277,-0.34024,19.366,-0.9372,-15.112,-0.014718,-0.0028488,-0.013659,-1.0015,0.0036075,-0.0036998,0.0025182,-0.038556,-3.8161,-1.0233,-31.962,0.85428,18.139,-0.08604,-14.468
48.9,-0.0025685,-0.002254,-0.0067391,-0.99932,-0.00038949,0.0020421,0.0036244,1.1465,-4.1144,-1.2245,-30.548,1.1303,19.217,-1.1385,-17.323,0.015739,0.006427,0.00079437,-0.99498,0.0014802,0.0020944,-0.0014127,1.3542,-3.4235,0.11922,-30.179,0.32533,17.058,-1.1906,-15.961
49,0.010942,-0.0039834,-0.0091407,-0.99381,-0.00061462,-0.0050574,0.013619,-0.193,-3.1107,-0.98957,-32.864,0.48474,19.693,-0.60876,-17.436,0.010971,-0.012832,-0.001132,-1.0103,-0.0056048,0.0092201,0.0080563,-0.88994,-4.3437,0.14884,-32.009,-1.3747,16.555,-1.7086,-15.697
49.1,-0.00088441,-0.00039093,0.012951,-0.98752,-0.0028556,0.0098679,-0.0062216,-0.7851,-4.9515,-1.0145,-30.769,0.9452,18.326,0.56098,-15.971,-0.015506,0.013539,-0.019217,-0.99827,-0.0018901,0.0028232,0.0021854,-1.2966,-4.4812,-1.107,-31.779,0.16157,16.595,-0.47421,-15.646
49.2,0.013684,0.0029061,-0.0062785,-0.99452,0.0017568,-0.0028388,-0.0019066,-0.62995,-5.4751,-1.3819,-31.568,2.0422,18.701,-0.3249,-16.83,0.010276,-0.0093209,0.0043944,-1.0049,-0.0059994,-0.006037,0.0055339,-1.4635,-2.8062,-0.38728,-29.009,0.076611,14.339,1.2984,-15.812
49.3,0.0025912,-0.013157,-0.0015633,-0.99754,0.0024326,0.002263,0.0071852,2.3104,-3.1954,-2.064,-33.204,0.43558,17.755,0.47511,-17.172,0.0007347,0.005633,0.00065662,-1.0085,0.004256,0.00064179,0.00027622,0.72203,-4.0273,-0.062869,-30.638,-1.0623,16.753,2.7996,-16.782
49.4,-0.0023489,0.0063714,-0.00053,-0.99314,-0.003312,0.0012827,-0.0039999,1.2029,-4.9616,2.0651,-31.866,-0.54848,16.881,-1.8576,-17.482,0.014441,-0.00055807,0.0028198,-0.99564,0.0022308,0.0053959,-0.00030816,0.61316,-4.5489,0.4214,-28.683,0.89361,15.109,-0.018968,-16.214
49.5,-0.002958,0.008703,0.0092247,-1.0236,-0.0031244,-0.00044114,-0.012181,-1.5057,-1.7678,0.84755,-30.76,-0.061266,18.258,-0.39535,-18.071,0.010801,-0.012667,-0.014511,-0.99142,-0.0016874,-0.0012449,-0.0033545,0.78705,-1.3732,1.7763,-32.553,-1.2363,15.729,-0.95648,-16.441
49.6,0.021121,0.00040334,0.00027027,-1.0176,-0.0034574,-0.0015244,0.0010508,0.18592,-3.9565,-0.64534,-33.098,-0.17146,19.214,0.49522,-15.364,0.00067224,-0.0031482,0.010907,-0.99493,-0.0075063,-0.0069351,0.0068186,0.76121,-3.4422,-0.45421,-31.418,-1.106,18.91,-0.81576,-15.433
49.7,0.0036693,0.0078499,-0.0017683,-0.99504,0.0052358,-0.0055669,-0.010055,0.21212,-2.8881,-0.56638,-31.1,0.74481,17.6,1.3602,-17.048,0.0015396,-0.0012762,-0.012782,-1.0117,0.0081638,-0.0030844,-0.003223,-1.2425,-3.7859,0.81354,-30.667,-0.97421,17.016,-0.2076,-14.344
49.8,0.010061,-0.0055911,0.001391,-0.98791,0.0048906,-0.0085497,-0.00099425,-0.64037,-3.7238,1.8226,-31.511,1.5147,15.451,-0.19231,-15.734,-0.003556,0.005752,0.0056994,-0.99307,0.0064477,0.0068667,0.0036388,-2.0574,-4.0512,-1.3021,-33.559,1.9385,18.498,1.1415,-15.019
49.9,-0.0038692,-0.011904,0.0031043,-1.0028,-0.0018503,-0.00722,0.0034066,0.0030791,-3.7517,1.244,-30.385,0.20729,18.469,-0.52407,-17.324,0.004287,0.0032384,0.0052316,-1.0063,0.00060979,0.0033601,-0.0030113,1.1192,-3.0153,0.72579,-30.008,-1.3834,16.948,-0.97421,-13.958
50,0.010418,-0.0053848,-0.013366,-1.0001,-0.012199,-0.001012,-0.00086393,0.33856,-2.2477,0.29415,-32.763,0.52598,15.808,-0.85888,-15.433,-0.0082674,-0.002122,0.00050369,-0.99627,0.00037534,-0.0086286,-0.0020262,1.0158,-3.6912,-0.39866,-30.749,-0.50995,17.146,-0.60872,-15.95
50.1,0.015615,0.007957,-0.0063693,-1.0114,-0.0038147,0.0059786,-0.0045851,-0.6973,-4.6129,-1.9018,-32.252,0.72353,19.626,-0.30292,-15.396,-0.0050437,-0.0013878,-0.0026999,-0.99688,0.003291,0.0055951,0.0042157,0.28625,-1.0488,0.7488,-30.721,-0.81127,16.137,0.027014,-14.781
50.2,-0.017609,0.013634,-0.0045366,-0.99552,0.0048188,0.010582,-0.0080662,-0.46055,-5.0139,-0.096044,-32.031,2.1574,18.936,0.4021,-16.676,-0.0022494,0.0018367,0.014752,-0.98625,-0.0075988,0.0069861,0.0049353,-0.86429,-2.2168,0.62481,-29.034,0.62442,15.286,-0.62588,-14.65
50.3,0.011097,0.01956,-0.0047365,-0.98314,-0.0089456,-0.001059,-0.0019155,0.19345,-3.3322,0.87095,-32.115,-0.12275,18.347,-1.0857,-17.763,-0.011343,-0.0050862,-0.023975,-0.99652,0.0038595,-0.0001329,0.001383,-2.2649,-2.6715,-1.2161,-30.346,0.47898,16.366,0.72647,-14.118
50.4,0.00055528,0.0080454,0.0093199,-0.99867,0.0013691,0.0001412,-0.0044566,1.5771,-4.9856,0.92905,-32.225,-0.67798,18.806,-2.3585,-17.566,-0.0069481,-0.00030796,0.022361,-0.99527,-0.0032805,0.0034203,0.00074028,2.5071,-5.3136,-0.74174,-30.377,1.0573,16.609,-0.67703,-15.04
50.5,-0.0098319,0.00076763,-0.0052662,-0.99344,-0.0057421,0.0027677,-0.011748,-1.2546,-3.6288,1.2044,-33.368,0.090894,17.57,-0.9222,-19.132,-0.0039263,0.0020049,0.0071932,-0.99598,-0.0063482,-0.0017154,-0.0054476,0.71145,-1.4858,0.66904,-31.731,1.3893,16.055,-1.1754,-15.747
50.6,0.0072914,0.0041221,0.0089973,-1.0039,-0.00036761,0.0021762,0.0010682,0.094251,-2.8853,1.0062,-32.996,0.60862,18.387,1.0817,-17.57,-0.013741,-0.0054479,-0.0088302,-1.0083,-8.3053e-05,-0.0048744,-0.0072002,-1.4783,-3.2693,0.38068,-31.874,-1.7812,16.426,-0.051847,-14.5
50.7,0.016208,-0.012449,0.0047003,-1.007,0.003531,-0.005764,0.0051806,-0.041696,-4.2838,-0.54989,-31.379,0.86686,18.498,0.21504,-16.179,-0.0046481,-0.019138,0.0033795,-0.98862,-0.0024137,-0.001732,0.00084952,0.66084,-2.812,-0.87707,-31.808,1.2962,16.394,0.20442,-14.519
50.8,0.009388,-0.013158,0.020343,-1.0025,0.0018891,-0.003527,-0.0024851,0.62262,-3.9755,0.091858,-32.32,-0.097057,19.129,0.25379,-15.773,0.016584,-0.011874,-0.0050687,-1.0045,0.00022081,-0.0013325,-0.0022331,2.2291,-3.2068,-1.0464,-29.526,-0.12661,16.425,1.8397,-15.02
50.9,0.001147,0.0049046,0.0011535,-0.99152,0.0063877,0.011182,0.00027504,-0.80491,-6.0256,0.13556,-31.607,-0.65675,17.814,0.21072,-17.569,-0.0099683,-0.0050771,-0.0061429,-0.98325,0.0023746,0.00098575,-0.0070854,0.73834,-3.8382,0.84453,-31.297,0.1157,17.065,-1.6492,-14.088
51,-0.004309,0.0047919,-0.0033355,-1.0124,-0.0041216,-0.0078528,-0.0026593,-0.68484,-6.3486,0.17921,-33.371,-0.2426,18.377,0.5589,-19.037,0.019557,-0.0098364,0.01231,-1.004,-0.0070749,0.001849,-0.0044881,-0.85733,-2.9693,0.0081296,-31.121,-1.6482,14.82,1.0019,-16.037
51.1,0.0064415,-0.0062686,-0.0058004,-1.0059,-0.008141,-0.012928,0.0035391,0.0047912,-3.1072,-0.48158,-35.099,1.1169,17.758,-0.10008,-15.582,0.017971,-0.0064572,0.012112,-1.0058,-0.0047398,-0.0031117,-0.0014445,0.94432,-5.3378,-0.3247,-30.841,0.23643,17.344,-0.90041,-15.845
51.2,0.0048505,0.0049178,-0.010619,-0.98508,-0.00095953,0.00069488,-0.0046941,0.30251,-4.8976,-1.0304,-31.261,-1.5096,18.029,2.2882,-16.452,0.015991,0.0028344,0.0030486,-1.0001,0.00086758,-0.0071488,0.0020517,0.21974,-4.5775,0.17801,-30.831,-2.1781,17.655,1.1626,-13.166
51.3,0.0089051,0.0010936,-0.0065478,-0.99761,-0.0057772,0.0093018,-0.0066393,-1.7727,-4.3912,-0.24155,-33.394,1.0834,18.833,-0.62576,-16.118,-0.0062673,0.0034522,-0.014165,-0.99044,-0.0021302,0.0036629,-0.001774,-1.1472,-2.0234,-1.0317,-29.275,2.6619,17.907,0.792,-15.272
51.4,-0.010254,0.0039272,0.0010926,-0.98711,0.0017936,0.0042183,0.010571,0.087933,-3.8831,-0.72796,-33.776,-0.60522,17.029,-1.0233,-16.012,0.0016599,0.0021456,0.0050427,-1.0012,-0.001033,-0.0054807,0.00035569,-0.72287,-4.2279,-0.089977,-31.34,0.37786,15.588,1.1011,-13.787
51.5,-0.002504,0.027548,-0.01869,-1.0217,0.0024373,0.0070733,0.00027095,-0.57638,-4.6872,0.15096,-33.193,-1.8914,17.865,-0.47131,-15.83,-0.020524,-0.0057657,-0.00030051,-1.0065,-0.013227,0.00018652,-0.0076408,0.72507,-2.7247,2.2132,-28.249,-0.54869,16.65,-0.98189,-15.224
51.6,-0.0041068,-0.0043402,-0.0086768,-1.0082,0.0017067,-0.0052536,0.0025178,-1.0333,-3.9053,1.1431,-31.593,1.5062,17.636,-2.6076,-18.038,0.0086779,-0.023351,0.0046876,-1.0073,0.0058735,0.004524,0.0042024,-1.1981,-5.1183,-2.4352,-30.063,0.65208,16.628,-2.0618,-13.655
51.7,0.0075675,0.0016025,-0.0032223,-1.0067,-0.0095371,-0.010041,0.0025398,0.31284,-4.8397,-1.0966,-34.764,1.6056,17.851,-0.25031,-17.375,0.0024604,0.011235,0.033938,-1.0052,0.0070943,0.001745,-0.0078929,-1.5307,-4.152,-1.1709,-32.447,-0.50561,15.306,0.87784,-15.36
51.8,0.00089516,-0.014296,-0.0014523,-0.98917,-0.0013569,0.0020444,-0.0054684,-1.2012,-5.5319,-0.0034628,-33.127,-0.95679,19.135,-0.90001,-15.956,0.0097884,0.0096575,0.012219,-1.0098,-0.0075051,0.000113,-0.0036092,-0.85951,-2.1589,-1.4255,-31.827,1.3467,16.886,3.3267,-14.371
51.9,-0.0033938,-0.0090341,0.004484,-0.97647,0.006746,-0.0026995,-0.0013696,-0.4344,-3.4855,-0.23613,-34.126,-0.081324,18.499,2.1479,-16.785,0.01506,0.017826,0.00092493,-0.99705,0.0042818,-0.00028923,-0.0040676,-0.19733,-2.57,0.24507,-33.744,0.71617,16.945,-0.14008,-13.275
52,0.0065285,0.0070409,-0.0010524,-1.0119,-0.0023305,-0.0026164,-0.0056409,0.26648,-3.6752,-0.89082,-33.482,0.059075,18.98,0.62577,-17.657,-0.026839,-0.0080403,-0.010993,-1.0128,0.0054324,0.0086051,-0.00044245,2.0032,-3.3661,1.4861,-32.068,-1.9066,15.975,-1.0758,-14.129
52.1,-0.00010316,0.013979,0.0042476,-0.99296,0.0011724,9.3985e-05,0.008002,0.11476,-3.4243,0.1389,-31.794,0.10655,18.751,-0.30531,-16.533,0.007599,-0.015973,-0.018103,-0.99945,-0.0064956,-0.0032945,-0.0016252,0.30257,-1.2861,-0.058214,-32.161,-0.14691,16.072,-1.0841,-14.929
52.2,0.02524,-0.0042959,-0.0085954,-1.0083,-0.0043792,-0.0013039,0.0011677,1.731,-4.7401,-0.16422,-34.787,1.539,16.017,0.45228,-16.54,0.012394,0.0070183,0.0033191,-1.0095,0.00067592,-0.0027848,0.0016234,-0.3298,-3.1115,-0.83071,-30.321,0.47294,16.447,-0.80028,-13.393
52.3,0.0023578,-0.0068343,0.0037984,-1.0012,-0.0065633,-0.0012547,-0.0054302,-0.42381,-2.6659,0.40474,-33.279,-0.36564,18.654,0.0041772,-17.959,0.00012338,0.0011068,-0.0083179,-0.99476,0.0093646,0.0034182,-0.005926,1.7809,-2.5964,-1.727,-32.198,-1.8518,16.669,0.76406,-14.359
52.4,-0.0082345,-0.00098658,-0.00069283,-1.009,0.0016854,0.00062103,0.0050984,0.65539,-4.0066,1.4743,-32.206,1.4955,19.595,-0.43434,-16.855,0.0012876,-0.0084583,-0.0028208,-0.99455,0.0079366,-0.0025666,-0.0016899,0.73923,-3.4,-2.4643,-31.825,0.76213,17.525,-0.0385,-13.357
52.5,-0.0062554,-0.0014165,0.0044528,-0.9942,0.0038647,0.0056434,0.0059414,-0.20315,-4.8826,-1.1711,-33.141,-0.55147,19.113,-0.72072,-16.109,-0.0051622,0.0078595,0.004201,-1.0008,0.00058479,-0.0042468,-0.0016142,1.528,-2.8641,-0.3508,-32.598,-1.3814,16.246,0.23388,-14.928
52.6,0.0014604,0.0022857,-0.0094466,-0.99544,-0.0028586,0.0057165,-0.00021706,-1.3161,-5.0552,0.52589,-35.447,-1.4824,17.977,-0.15553,-15.846,0.0023104,0.0080515,-0.0050365,-1.0033,-0.0059243,0.0026634,-0.0014112,-1.0966,-1.775,-0.12274,-30.626,1.4455,16.241,0.57235,-16.304
52.7,-0.0016723,0.015073,-0.015207,-0.99733,-0.00026477,0.0033342,-0.0043245,-1.0799,-4.4017,-0.34036,-34.587,-2.7227,19.249,-0.7414,-16.31,0.0019386,0.019147,-0.0049326,-0.99923,-0.0029796,-0.0010928,0.0035924,-0.70406,-3.4053,-0.64155,-32.73,-0.05702,17.023,0.95584,-13.359
52.8,-0.011606,0.0040808,0.0038228,-0.9936,-0.0013957,-0.0023681,-0.0054497,-0.048862,-3.2424,0.097237,-33.788,-1.4782,18.261,-0.29546,-18.115,-0.013712,0.014614,0.012366,-1.0036,0.0020098,0.0039307,0.0034639,-0.21436,-2.9618,-1.1519,-30.022,1.1394,15.443,-0.91382,-12.942
52.9,-0.0083936,-0.015298,-0.014927,-1.0012,0.0039137,0.0024619,0.0034609,-1.1582,-4.275,-0.3804,-33.941,0.4282,19.587,-0.25124,-17.425,0.0049247,0.0012087,-0.010189,-0.99278,-0.0061887,0.001082,-0.0031748,-0.35987,-0.98949,-0.14566,-31.173,-0.15894,16.395,-1.1473,-14.251
53,-0.0052646,0.018612,-0.00052529,-1.008,0.0081803,-0.0043316,0.0038907,-1.8909,-5.2037,-1.0543,-34.164,-0.30577,18.775,0.036206,-15.325,0.010416,-0.0053709,-0.01608,-0.98787,0.00026361,0.0080195,0.00073323,0.058018,-3.1527,-1.869,-30.485,-2.0745,17.207,0.38313,-14.347
53.1,-0.0086739,0.014456,-0.0033896,-1.0127,-0.00022319,0.0083625,-0.0014492,-1.0363,-4.6888,-1.1818,-34.57,-1.2091,19.235,0.33055,-17.088,0.0026691,0.018842,0.0087202,-1.0237,-0.0023212,-0.0033085,-0.0026786,-2.0678,-2.4036,-1.4602,-32.544,1.8097,16.008,0.21985,-12.575
53.2,0.0008186,0.0023282,0.01856,-0.98905,0.0046666,-0.0056894,-0.0016004,2.701,-4.5823,0.71009,-32.865,-1.6889,18.793,0.47282,-16.179,-0.004039,0.0014654,-0.013377,-0.99639,-0.00017467,0.0037006,-0.0050746,-1.422,-1.7037,-1.892,-32.842,-0.52891,16.551,0.18449,-13.655
53.3,-0.0010524,0.0084285,0.0075828,-0.98942,-0.00174,-0.001358,-0.0010921,0.31492,-2.5318,0.55345,-35.419,-0.80383,20.064,-0.82482,-16.494,0.0022665,-0.0094432,0.0099653,-1.0006,0.0043315,0.0050144,-0.0071091,-2.1358,-5.1009,0.21858,-31.088,-0.70208,17.233,1.565,-14.808
53.4,0.0081446,-0.0075619,-0.015446,-0.99703,0.0026876,-0.0047546,0.0022577,-1.9665,-3.1491,1.2793,-33.883,0.3116,19.548,0.021139,-17.371,0.0019678,0.0024509,-0.015904,-1.004,-0.0027358,0.00035178,-0.0050178,-0.47449,-1.8451,-0.98155,-32.729,0.58494,14.923,-0.84763,-13.994
53.5,-0.0016085,-0.026175,-0.012238,-1.0126,0.0023495,-0.0025161,6.8236e-05,-1.2808,-5.9295,-1.4055,-34.824,-1.2565,18.134,-0.49379,-16.855,-0.0017822,-0.0084491,0.016751,-1.0031,0.0056914,-0.0029604,-0.0033958,1.1122,-3.3841,0.41869,-32.83,-2.0869,16.305,-1.4264,-14.78
53.6,-0.016273,0.0046921,-0.012807,-1.0081,-0.0039498,0.0059845,0.001061,-1.2751,-3.8654,-0.29455,-33.48,1.3145,18.657,0.23772,-16.211,-0.017682,0.0030458,0.0024899,-0.99475,0.0001792,-0.0067943,-0.0073957,0.35974,-1.0267,0.61856,-31.951,-0.87599,15.47,0.77278,-14.487
53.7,-0.0081502,-0.0053284,0.0061423,-1.0092,0.0069209,-0.005964,0.0070298,1.4912,-3.1576,2.5762,-34.925,-0.63987,17.558,-0.74041,-18.419,0.002811,0.0028655,-0.008232,-1.0132,0.00048791,0.00094679,0.0050191,-1.5121,-1.7795,-1.9806,-32.15,0.72557,15.886,-0.73297,-13.202
53.8,-0.0069574,-0.021176,-0.0024846,-0.9906,-0.0037553,0.0015865,-0.0057952,0.76161,-2.9548,-0.94052,-34.871,-1.7077,19.975,-0.91088,-17.544,0.0098215,-0.016267,-0.0034061,-0.99722,0.0043457,0.001893,-0.0019794,-2.0291,-3.1555,-0.47003,-31.863,1.4104,16.379,0.79492,-12.206
53.9,0.0092621,0.0061177,-0.011486,-0.99628,0.0085216,-0.0075135,-0.0022281,0.18539,-3.2107,-0.040917,-34.963,1.264,21.058,-0.83118,-15.62,0.0065849,-0.0049315,-0.0018161,-0.99298,-0.0034942,0.0042506,-0.0031412,0.92623,-2.6934,-0.58259,-31.554,-0.84033,15.404,0.37536,-12.277
54,0.0051309,0.0038374,-0.0033412,-0.993,0.002752,0.00064422,-0.00068372,-0.29058,-4.4211,-2.0264,-33.438,1.0574,20.629,1.8907,-19.336,-0.0015124,-0.0012339,0.0076486,-1.0214,-0.012103,0.010627,-0.001701,0.27259,-2.0273,-1.1009,-33.136,-2.3306,17.248,-0.72485,-12.934
54.1,-0.0039197,-0.0079814,-0.010498,-1.0108,0.012484,0.011214,-0.0051222,0.041938,-4.9755,-4.4403,-33.591,0.28452,18.895,2.8038,-16.274,0.011876,0.021826,0.004973,-1.0028,0.0039104,-0.01007,-0.0030168,1.53,-1.6287,0.70816,-32.579,1.1344,15.566,-0.7029,-14.042
54.2,-0.0043851,0.012216,0.036272,-0.99987,0.0047677,-0.00040495,0.0099864,-0.92328,-5.4303,0.84949,-34.146,0.29969,18.469,-0.71706,-17.565,-0.0074041,-0.003666,0.0046751,-1.0183,0.0019193,-0.0078912,0.0039626,-1.701,-2.0441,-0.45607,-31.224,0.10617,15.427,0.84565,-13.52
54.3,0.0013382,-0.011987,0.013453,-1.0186,0.0068587,0.0088427,-0.0065874,1.397,-3.0048,1.2706,-33.88,-1.1525,17.803,0.52156,-18.057,-0.015403,-0.0072622,-0.013077,-1.002,0.0040717,0.0048139,0.010041,-2.5493,-2.6977,-1.4795,-30.264,-0.12477,16.145,1.2201,-13.564
54.4,0.011529,0.0091039,-0.02152,-0.9949,0.0056443,-0.0036401,-0.0035039,1.3682,-3.5221,0.86193,-31.945,1.5265,18.477,0.70352,-17.643,-0.00023041,0.013137,0.005633,-0.98705,-0.0063591,-0.0014547,-0.0049748,1.1027,-4.4478,-1.4878,-32.778,0.29698,15.976,-1.0356,-12.623
54.5,0.0046399,-0.008234,-0.0069282,-1.0006,0.0013441,-0.00064904,-0.0030049,-0.40412,-6.7454,-0.24022,-33.196,0.065541,19.898,1.1077,-18.072,0.0067687,-0.0020255,0.0027058,-0.99726,0.00093247,0.00033796,0.0021083,-0.13123,-2.551,-1.0699,-31.329,-1.3469,18.447,-0.77313,-15.08
54.6,-0.00020754,0.0047399,0.0033274,-1.0052,0.0022053,0.0075611,-0.0054102,0.85806,-2.9777,-1.4922,-35.492,-0.50024,19.316,-0.17608,-17.376,0.012893,0.011075,-0.00094655,-0.99804,-0.00084212,-0.0014116,4.4174e-05,0.8001,-2.3023,2.0125,-32.081,-2.2845,16.509,-0.19393,-13.29
54.7,-0.0017328,-0.0019072,-0.00096536,-1.0098,0.0072554,0.00013965,0.0070832,-0.88065,-4.4018,1.3832,-34.798,-0.75886,18.175,-0.86335,-16.569,0.0019488,0.0012258,0.0080801,-1.0046,-0.00074795,0.0071166,9.4586e-05,-1.6633,-1.0175,0.048005,-31.789,-1.1433,15.758,0.58402,-13.554
54.8,-0.016891,-0.00065062,-0.016922,-1.005,-0.0034866,-0.0074806,0.011376,0.95441,-4.3319,1.3371,-34.146,-0.60175,18.088,-3.1233,-17.336,0.0033242,-0.017839,-0.012689,-1.0129,0.0050179,0.0036315,-0.0056065,-0.94015,-3.042,-0.068578,-32.303,-0.97696,16.874,-0.5297,-11.005
54.9,0.013641,0.002723,0.0027094,-0.9964,-0.0010136,-0.0016578,0.0058506,0.033458,-2.2126,-0.53947,-34.159,-1.0112,19.941,-0.106,-17.537,0.0031386,0.0057447,-0.011527,-0.97304,-0.00087048,0.0054806,0.0065592,-1.4607,-2.4997,-2.5834,-32.344,0.14384,15.371,0.65237,-13.977
55,0.0088556,0.00019062,-0.01132,-1.0127,0.0082392,0.0029978,0.0082983,-0.72141,-5.1046,-0.25986,-33.501,1.2606,18.389,0.20818,-18.85,0.014074,0.010407,0.0068567,-0.99905,0.0050064,-0.0087717,0.00066893,0.5544,-2.0671,-0.86059,-33.137,-1.6534,16.885,-0.38592,-12.712
55.1,-0.010828,-0.01235,-0.0092229,-0.99251,0.00040091,0.0058682,0.0035654,0.92456,-4.6858,-0.90221,-35.078,2.0622,18.159,1.6484,-17.183,-0.016087,0.00333,0.0010168,-0.99394,-0.0032825,0.002973,-0.0027409,2.3485,-1.4717,0.79483,-31.653,-0.2815,16.975,-1.8055,-13.012
55.2,0.020797,1.1915e-05,0.0021654,-0.99947,0.0057193,0.0016545,0.0046494,-0.33224,-4.1685,1.3087,-33.567,1.2338,18.529,-0.2097,-17.614,0.018172,0.0076781,0.0058368,-1.0055,0.00497,-0.0038429,-0.001576,-0.22393,-1.2765,-0.56993,-31.506,-0.011245,17.07,0.006724,-13.102
55.3,-0.0019555,0.018043,-0.0034632,-0.98925,-0.0016353,0.010484,-0.011994,-0.81926,-2.3737,1.6851,-35.203,-0.14973,19.645,-1.3475,-16.235,0.0046807,-0.0021284,-0.00019353,-1.0059,0.0067491,-0.002797,-0.0022112,-0.5621,-1.2227,-1.4592,-33.06,1.3174,16.041,0.56103,-12.737
55.4,0.0036505,-0.01374,0.018418,-0.98368,0.0050952,0.0010205,-0.0067008,0.58096,-5.2463,0.65615,-31.414,-1.0186,18.654,-0.6125,-19.603,0.00061916,0.0046326,0.0093069,-0.98478,0.0026567,0.00022677,0.0057791,0.072593,-2.8318,0.31597,-33.563,-0.79346,17.885,-0.068146,-13.268
55.5,0.0062847,-0.0099852,0.016432,-1.009,0.010597,0.0048178,0.0030475,0.42384,-4.2346,0.22704,-34.461,2.5151,18.432,-0.34377,-18.295,0.010063,-0.010391,-0.0039783,-1.0057,0.0033415,-0.0086217,-0.0051457,-1.3367,-3.9894,-0.71688,-31.717,-1.0614,16.594,-1.183,-12.778
55.6,0.0013448,-0.0010991,0.0045569,-0.99167,0.0010988,-0.0043476,-0.007921,-1.5957,-5.3254,-0.48033,-34.415,-0.52986,18.635,-0.71346,-16.257,0.029767,-0.0035209,0.0025563,-0.98963,-0.004155,0.0025079,0.00071806,-0.19146,-0.35786,1.2794,-33.458,-0.28022,16.302,-1.6137,-12.977
55.7,0.0086778,-0.014144,-0.0027675,-0.98696,0.0039786,-0.004049,-0.0034319,1.1854,-5.0197,-0.8727,-37.308,1.0987,20.2,0.62047,-17.516,-0.014761,-0.018566,-0.016721,-0.99421,0.0049156,-0.0016202,0.0010783,-1.7356,-2.9596,-2.0538,-30.968,0.017679,16.156,1.3432,-12.555
55.8,-0.0027697,-0.0080348,-0.0068068,-0.99383,-0.0062264,0.0015763,-0.00063146,0.72122,-5.0393,1.4867,-32.842,0.61547,19.041,0.10832,-18.951,-0.0026428,-0.0039354,0.011241,-0.98891,0.0064012,0.0045322,-0.005303,-1.5736,-1.7784,0.25435,-33.283,-0.88098,15.181,-0.6067,-15.682
55.9,0.011864,-0.0002066,-0.0051218,-1.0063,0.00099797,-0.0019117,-0.0040464,0.096317,-3.2764,0.2859,-35.715,-0.73144,20.064,-1.9581,-17.72,-0.021104,-0.0055366,-0.03328,-0.99273,0.0064625,0.0020061,0.00024894,2.7428,-2.3864,-2.2164,-33.905,-0.62082,16.303,-0.6148,-11.601
56,-0.0040355,-0.0025189,0.006664,-1.0064,-0.001342,0.0013092,0.00086836,2.0291,-3.5406,-0.36434,-33.839,-0.42461,18.273,-1.1799,-17.292,-0.015243,-0.002667,0.0051084,-0.98484,-0.0030606,0.00095301,-0.0038141,0.8288,-0.95807,-0.77002,-32.421,1.7125,16.485,-1.6839,-12.246
56.1,-0.010904,-0.0086416,-3.2334e-05,-0.99888,-0.001194,0.0058777,-0.0007115,-0.41604,-3.1083,0.058906,-34.008,-0.40493,20.5,0.2841,-18.13,0.0098675,-0.00034458,0.00050772,-1.016,0.0031193,-0.0037818,-0.0049867,0.83421,-1.9786,0.65686,-31.479,1.1641,15.232,-0.8579,-12.657
56.2,0.012032,0.0085706,0.0019857,-1.0001,0.0098488,-9.0172e-05,-0.0013388,0.25254,-4.7615,-0.70358,-34.817,1.4059,17.202,0.43806,-15.822,-0.011388,0.014502,-0.0044065,-1.0132,-0.0019534,-0.0064534,-0.012262,-0.8167,-1.8929,0.5064,-33.169,-0.31761,14.461,-1.5674,-11.989
56.3,-0.014529,0.0015166,0.0029937,-0.97346,-1.0777e-05,0.0053063,0.00096034,1.0591,-2.0172,-0.64963,-34.313,1.4504,17.782,0.081613,-16.743,0.0026818,-0.004089,-0.00036907,-1.0047,-0.002301,0.00088734,0.0026808,-1.7873,-3.1579,-0.36571,-32.174,0.56762,15.62,1.6138,-12.118
56.4,0.014633,0.0093683,-0.00019249,-1.0013,0.0025663,0.0032968,-0.0084263,1.9775,-3.7137,1.289,-34.426,0.19341,19.17,-1.0575,-19.096,-0.0025104,-0.0046964,-0.026549,-1.0056,-0.00094265,0.003125,0.0015719,1.0071,-3.3402,-0.6839,-34.784,0.8227,15.594,0.8401,-12.842
56.5,0.01052,0.0046821,0.00093568,-1.0011,0.0015636,-0.0029204,-0.0028082,-0.83253,-3.6768,-1.0079,-33.576,-0.43115,16.402,-1.4742,-18.296,-0.012393,0.0042583,-0.01369,-0.99163,0.0073216,-0.0029441,-0.00022482,1.2903,-3.7201,-0.4518,-31.425,0.057118,16.374,-0.34029,-12.146
56.6,0.0057023,0.0015146,-0.013323,-0.9824,0.0014459,-0.0047286,0.00084338,-0.40457,-4.2151,-0.802,-35.992,1.3054,19.202,0.53849,-18.718,-0.0048203,-0.019551,-0.015815,-0.98384,-0.002857,-0.008681,0.0085974,-0.23855,-2.4323,-0.1719,-33.683,0.013523,17.316,-1.9796,-13.713
56.7,0.0054802,-0.014481,0.013441,-1.0067,-0.0022131,-0.0030365,0.0031349,0.11536,-4.4887,-0.39594,-35.117,1.5433,18.157,-0.4443,-18.301,0.023391,0.002713,0.001221,-0.99519,-0.00087864,-0.0056915,0.001397,-1.6295,-3.729,-1.6002,-34.8,0.50942,15.672,-0.86173,-15.662
56.8,-0.0025133,0.00043102,-0.010029,-1.0067,-0.0024025,0.0016293,-0.00089999,-0.36784,-3.6405,-0.045692,-33.641,-0.045628,19.307,-0.95617,-17.419,-0.0099452,0.0033766,-0.0090252,-0.98911,0.0065571,-0.0061777,0.0028967,1.8528,-1.0866,-0.34988,-31.404,-0.45494,16.378,1.5749,-14.171
56.9,0.0020963,0.0039276,-0.0039905,-1.011,-0.0085247,0.0031593,0.0065461,0.37866,-3.1673,-0.43025,-33.861,0.95749,20.724,1.2967,-18.525,-0.0043134,-0.010298,0.0077141,-1.0056,-0.00079128,0.0027395,-0.0040023,-0.9494,-0.70703,-0.78879,-32.178,1.8515,17.995,-0.3005,-12.828
57,-0.003656,-0.0094851,0.010876,-1.0033,-0.0023204,-0.00015169,0.002232,0.055045,-4.0267,0.95328,-36.032,0.26589,21.417,1.2051,-18.594,0.021527,-0.0097027,0.00073303,-0.99294,-0.0012769,0.0031324,0.0065204,0.76756,-2.6558,-0.84248,-34.084,-1.9994,17.647,-0.97073,-14.576
57.1,-0.00035369,-0.022269,-0.014671,-1.0005,-0.0010718,0.0068735,-0.0089017,-1.6229,-2.5436,1.1064,-36.03,-0.55786,20.414,-0.80265,-15.923,0.0051936,0.0063783,0.011235,-0.99861,0.0051707,0.00071185,-0.0031596,0.8907,-2.2711,1.6886,-33.578,-0.55675,16.363,-0.57903,-13.252
57.2,0.015739,-0.013534,-0.0072539,-1.0171,0.00037239,-0.0061261,0.00076112,-0.37977,-2.0678,-0.88826,-35.601,-1.8022,20.25,-0.42499,-17.528,-0.010046,0.0045327,0.0050529,-1.0136,-0.0049425,0.00063953,0.0025039,-0.075255,-1.4583,-1.3203,-32.232,1.7661,15.185,0.98853,-13.748
57.3,-0.0042809,-0.010944,-0.010804,-0.98316,0.0062827,-0.0010401,0.002566,-1.0761,-2.8648,1.3396,-34.041,0.22159,20.168,-0.65295,-17.636,0.0050252,0.0085432,0.0083166,-0.98981,-0.0010993,0.0069573,0.0076227,1.2035,-2.4313,-0.88799,-32.612,0.55146,15.343,1.6315,-14.378
57.4,0.0067321,0.0020567,-0.012798,-0.98633,-0.0028168,0.0072968,0.0026626,-1.1475,-4.0726,2.2864,-35.511,2.4823,19.792,-0.098665,-17.682,-0.011558,0.019219,-0.005847,-1.0059,0.0036143,0.0016781,0.001588,-0.48474,-4.7596,-1.6536,-34.515,0.19742,16.608,-0.42556,-14.268
57.5,-0.013335,-0.0079574,-0.001757,-0.97818,-0.0037802,-0.005065,-0.0019621,0.054765,-3.4614,-0.543,-35.667,0.39685,19.629,-0.76704,-15.923,-0.0012575,0.0062715,-0.0062021,-0.98599,-0.0057024,-0.0045131,-0.0037565,0.62175,-1.5168,0.84314,-34.415,0.040084,15.81,0.17505,-13.144
57.6,-0.0084699,0.01385,-0.013195,-1.0032,-0.00091771,-0.00039084,-0.0086557,1.3314,-4.427,-0.077228,-35.712,1.7487,19.799,0.029967,-16.682,0.0023913,0.0020972,0.0090089,-1.0322,-0.0025715,-0.0051271,0.0035179,-0.18665,-3.2244,0.4713,-32.474,0.0068937,17.511,0.17104,-12.589
57.7,-0.011636,-0.0057838,-0.0094619,-0.99738,-0.0057807,-0.0031874,0.0037322,0.40371,-3.7008,0.46792,-35.206,0.96564,22.016,2.5134,-15.538,0.0047318,0.0035921,0.01622,-0.98904,-0.0034454,-0.0026702,0.0068222,0.89568,-3.1241,1.0858,-31.343,0.26853,18.352,1.1336,-13.275
57.8,-0.01042,0.00080577,0.000198,-1.0148,-0.0086446,-0.004559,0.0070842,1.8052,-3.036,-0.21628,-36.576,-0.80823,20.502,-0.50634,-16.869,0.012366,0.015469,0.010923,-1.0197,0.003433,-0.00016056,0.0034499,-1.5661,-4.7041,-1.8315,-30.645,0.030759,15.138,1.3205,-14.802
57.9,-0.0036192,0.0023813,0.0060318,-0.99333,0.0035312,-0.0025502,0.00068531,0.031464,-2.2598,-1.2053,-35.125,-0.19836,18.709,-0.98411,-18.028,0.0057896,-0.012962,-0.0013883,-0.9868,-0.00336,0.0043022,-0.0032361,1.3609,-2.7235,-1.8743,-34.351,-0.34122,17.141,-0.23492,-13.351
58,-0.0044811,-0.012936,0.0059172,-1.0025,-0.0016377,0.0016551,0.0067803,-0.25352,-3.2545,-1.5024,-34.928,0.41073,19.789,1.3369,-15.192,0.011782,-0.022018,-0.015507,-0.98989,-0.0013117,0.0015715,0.0083107,-0.44817,-2.3648,-1.2483,-33.733,-1.0596,13.682,-0.4402,-14.367
58.1,0.0048316,-0.0056539,0.020084,-0.99534,0.0037212,-0.00026124,-0.0026069,-0.36457,-4.1186,-0.37474,-34.753,0.25635,18.185,-0.41531,-16.852,-0.0045538,0.0070523,-0.009104,-1.0022,0.0049378,-0.0020892,0.001875,1.0471,-3.1083,-0.89507,-32.453,-1.4667,18.574,-1.0554,-12.891
58.2,0.0021739,0.0031101,-0.0027851,-1.002,0.00048313,0.0075631,-0.0070509,1.9705,-2.5591,-0.80745,-36.71,-0.46571,18.95,0.053596,-18.622,0.005958,0.0045939,0.0063927,-0.99658,0.0033098,0.0030691,-0.0050782,2.1362,-0.7211,0.042664,-33.653,0.35422,16.19,0.64765,-12.435
58.3,-0.0059704,0.0043871,0.0070518,-1.0007,-0.0038779,0.0081875,-0.0035003,-0.73484,-3.8675,-0.19337,-36.341,-0.47566,19.702,-0.050946,-17.092,0.0026895,-0.006941,-0.00024419,-0.99388,-0.0031779,0.005141,0.0030902,-2.1694,-2.811,-0.25262,-33.086,1.9305,15.838,0.91463,-13.904
58.4,-0.021908,-0.0032544,-0.0041101,-0.98712,-0.0092284,-0.0044502,0.0011413,-0.67318,-2.9488,0.37734,-35.451,-0.36261,18.6,0.63661,-18.632,-0.0029728,-0.0092282,0.018204,-1.0143,0.0036393,0.0009584,-0.0051101,-0.26553,-1.6482,-0.95801,-34.797,2.1188,17.036,-0.49705,-13.46
58.5,0.010457,-0.010645,-0.0070664,-1.0043,-0.0029734,-0.00038914,-0.0018602,0.039338,-3.5816,-1.5673,-37.006,0.034675,18.428,0.52671,-15.632,-0.017543,0.0085527,2.7492e-05,-1.0049,-0.00085205,-0.005625,-0.0024622,-1.0219,-3.1211,-1.7439,-32.917,-0.34552,16.316,-2.3458,-13.695
58.6,0.01082,0.011189,-0.0043248,-0.99883,-0.0086391,0.0049325,-0.0021583,-2.3132,-3.5399,-0.14108,-37.71,0.24771,20.398,0.32747,-16.823,-0.0044596,0.00086457,-0.0095922,-1.0117,-0.007735,0.0066401,-0.0012166,0.098956,-1.3843,0.36249,-33.089,-2.7894,18.139,-0.99364,-15.841
58.7,-0.00096134,-0.0099098,0.00809,-1.0164,-0.0061607,-0.0023501,0.0023175,0.90287,-5.0382,2.0021,-38.36,-0.43947,18.906,0.51271,-14.432,0.00025932,-0.0082625,-0.0052759,-1.0011,-0.0094139,-0.0036372,0.00062014,2.0071,-1.0497,0.9327,-33.628,0.32802,16.43,-0.99756,-13.123
58.8,-0.0056852,0.00027149,-0.0022347,-0.98697,0.0044611,-0.0022903,-0.0058826,-0.63942,-5.1101,0.4679,-35.702,-1.7798,19.62,-0.18986,-17.931,-0.0035621,0.010673,-0.016162,-1.0101,0.0090045,0.0012626,0.0049648,-0.89865,-3.585,0.45175,-33.237,1.069,15.627,-0.013081,-13.138
58.9,0.0079316,0.0046522,-0.010346,-0.99882,0.0083941,-0.0041545,-0.00036989,1.5084,-3.175,0.99592,-35.653,1.5158,19.357,1.6169,-16.799,0.010381,0.014032,0.00061046,-1.0093,-0.0049896,0.0022081,-0.0023475,-0.94666,-2.9898,-3.6178,-36.001,1.6422,15.723,0.76318,-15.276
59,-0.016823,-0.0022452,0.0020935,-0.99873,-0.0074435,-0.0028349,0.00030158,1.0607,-2.724,0.87358,-36.234,2.0737,19.728,1.6031,-17.719,-0.0038559,-0.028256,-0.013704,-1.0062,-0.00070441,-0.0049102,0.00023941,-1.0991,-1.4512,1.2302,-35.503,0.77032,15.716,2.4204,-13.358
59.1,0.0093791,-0.013434,0.015432,-0.99193,0.0045634,0.0062598,-0.0037349,-1.1749,-2.7559,-0.43278,-36.421,0.27866,18.18,1.1558,-17.085,0.00024216,-0.0049237,-0.010832,-0.99296,-0.0012761,-0.0030683,-0.0085895,1.7367,-1.1553,1.8431,-34.212,-1.4681,17.044,0.3288,-14.258
59.2,-0.0030582,0.0078965,0.0050561,-0.99672,0.0055869,0.0004225,-0.0032252,1.6901,-3.2941,0.7429,-38.016,-0.0091638,19.571,-2.1621,-16.833,0.001235,-0.010455,-0.031422,-0.99898,0.0063718,0.0012294,0.011025,-0.093497,-2.0253,1.8535,-32.966,-2.2439,18.788,0.92112,-12.093
59.3,-0.0047844,-0.0079055,-0.011756,-1.004,0.010537,0.0069699,0.0030282,0.077913,-3.9024,1.1507,-37.131,0.68367,19.231,-0.55951,-17.648,0.0071973,0.0064664,0.0073594,-1.0228,-0.0085611,0.0041055,-0.0018137,0.12881,-1.651,-0.25428,-33.87,2.0106,15.743,-1.0495,-12.624
59.4,0.013865,0.0031212,-0.0062501,-1.0095,-0.0067409,-0.0098196,0.0065299,-0.065789,-5.541,-1.3461,-36.699,-1.3876,18.799,0.024863,-16.047,0.0075321,0.01144,-0.012082,-1.0102,-0.0006122,0.00025231,-0.0042129,1.5404,-2.4639,-1.6525,-33.335,0.79298,17.555,0.31771,-12.517
59.5,-0.014186,0.0071886,-0.011003,-0.99652,-0.0002856,0.0013843,0.0011663,-1.3918,-4.2224,-1.1694,-36.145,0.99869,19.879,-0.74842,-16.06,-0.0050749,-7.9346e-05,-0.010166,-0.98891,-0.0057908,0.00589,0.0018074,1.0717,-2.7958,-0.95427,-34.981,-0.33863,16.106,1.232,-12.671
59.6,0.0077911,0.0065747,-0.0046859,-1.0144,-0.005013,0.0086063,-0.0037038,0.29216,-3.8846,0.21758,-36.869,-0.22899,19.573,0.99612,-16.303,-0.00094699,-0.02462,0.0045186,-0.99051,-0.00087915,0.0058234,0.0013996,1.8884,-1.733,0.76257,-35.238,-0.85337,16.962,-0.84253,-10.478
59.7,-0.0008258,0.0098309,-0.012811,-0.98912,-0.013084,-0.0028401,0.0051343,0.62886,-3.6315,0.49953,-35.952,0.36976,20.402,0.73074,-16.519,0.0036788,0.00084457,0.0090638,-1.0012,-0.0074962,0.0045844,0.012042,-0.57419,-1.5352,-0.39808,-33.971,-0.64244,17.554,0.099779,-13.029
59.8,-0.0052863,0.007146,-0.015503,-0.99044,-0.010273,-0.0011604,0.0042217,-0.31759,-2.1738,0.29639,-35.275,-0.76211,18.983,-0.48988,-17.838,0.0079701,-0.010015,-0.017245,-0.9799,-0.010831,0.0044252,0.003151,0.80179,-0.92686,-1.0803,-34.028,1.7035,16.035,0.52334,-13.367
59.9,0.0060069,0.0002391,-0.0019068,-1.0039,-0.0016678,-0.0068092,0.0021322,0.23767,-4.1094,-0.15085,-37.242,-0.48297,20.029,-1.9661,-18.567,-0.012594,0.0099725,0.0067987,-0.98622,-0.0052893,0.0063338,-0.005481,-0.32929,-0.53665,-0.52498,-35.183,-0.11257,18.37,2.2546,-13.528
60,0.018669,0.019938,-0.0036025,-1.0031,-0.00095983,-0.0002016,-0.010385,-1.1954,-4.1695,-0.75185,-33.758,1.1477,19.179,1.942,-16.671,-0.0030823,-0.0045744,-0.016176,-1.0068,0.0016178,0.0049537,-0.00048723,0.1826,-1.505,1.582,-35.611,-2.5929,16.181,1.0381,-14.316
