time,q1_healthy,q2_healthy,q3_healthy,q4_healthy,omega1_healthy,omega2_healthy,omega3_healthy,wheel1_i_healthy,wheel1_w_healthy,wheel2_i_healthy,wheel2_w_healthy,wheel3_i_healthy,wheel3_w_healthy,wheel4_i_healthy,wheel4_w_healthy,q1_faulty,q2_faulty,q3_faulty,q4_faulty,omega1_faulty,omega2_faulty,omega3_faulty,wheel1_i_faulty,wheel1_w_faulty,wheel2_i_faulty,wheel2_w_faulty,wheel3_i_faulty,wheel3_w_faulty,wheel4_i_faulty,wheel4_w_faulty,
0,0,0,0,0,0,0,0,0,0,0,0,0,0,0,0,0,0,0,0,0,0,0,0,0,0,0,0,0,0,0
0.1,-0.69169,0.010014,0.14085,-0.68364,0.0026366,-0.00047399,0.0060495,0.38678,-0.024557,-0.50576,1.332,-0.35064,-1.4522,1.1615,1.3165,-0.69919,-0.0036637,0.11138,-0.6997,0.0043918,-0.001406,0.00045309,-0.43204,0.55772,1.1663,0.45408,0.11378,-1.794,-0.30196,-0.62476
0.2,-0.7024,-0.018773,0.13228,-0.69545,0.005974,-0.00085387,-0.0083654,0.6907,0.94804,-0.37725,-1.4245,-1.4181,1.5915,-1.7419,0.072923,-0.71187,0.012515,0.1282,-0.70024,0.003612,0.0069331,0.0015005,0.43171,0.8455,-1.1492,-0.83559,-0.39153,1.2788,0.98614,-0.403
0.3,-0.69843,0.0017083,0.11807,-0.68595,0.0034469,-0.0068034,0.013205,-0.27173,0.97022,1.1515,0.27143,-0.81487,-1.1541,1.7961,-1.3813,-0.69021,0.00076524,0.1355,-0.70958,0.0040665,-0.0039845,0.0027755,-0.87413,2.1222,-0.11028,0.88638,-1.1228,-4.0105,-0.17431,0.22539
0.4,-0.71006,-0.00064557,0.10686,-0.70738,-0.0082958,0.0052336,0.0025699,2.0928,2.5515,0.036955,1.4465,-1.5278,-0.37209,-0.0024106,-0.66003,-0.69747,0.0037858,0.12843,-0.6958,-0.007409,-0.0052076,0.0084595,0.15876,1.6285,0.14712,-1.8542,-2.1032,-1.2119,-0.51704,-1.1139
0.5,-0.71155,0.010325,0.11638,-0.70618,-0.013208,0.0020631,0.0066574,1.8662,1.1315,0.17086,-0.15509,-0.404,-1.9632,-0.64846,-0.42459,-0.72765,0.0094535,0.13136,-0.69465,-0.014152,-0.0014257,-0.0036289,-0.58493,2.8046,0.085377,1.0109,0.15056,-1.6417,0.56242,-2.0389
0.6,-0.70346,-0.0061046,0.10479,-0.68761,-0.0096786,-0.0063898,0.0078674,0.013353,0.9565,0.96907,0.013868,-0.9663,-0.25527,-0.40981,-2.1659,-0.71723,-0.0038924,0.13229,-0.69371,-0.0052092,-0.011403,0.012306,0.59403,2.7326,-0.33322,-1.5525,-1.6176,-1.5291,1.3851,0.15553
0.7,-0.70311,0.0074118,0.12817,-0.70468,-0.0031714,-0.0069522,0.0062402,2.0256,2.39,-1.2923,-0.16889,-1.9552,-1.1263,-2.4164,-2.3399,-0.72412,-0.012627,0.10509,-0.69921,-0.017903,-0.0017188,-0.0014127,1.1462,0.62294,-0.1842,-1.9011,-2.8773,-0.64565,-0.16532,-3.1693
0.8,-0.72072,0.012097,0.11412,-0.70889,-0.012299,0.00518,0.0015769,1.2086,1.6603,-1.0209,1.5138,-0.77064,-2.9085,-0.59717,-2.2666,-0.6995,0.0072359,0.11273,-0.71356,-0.0093025,0.00035454,0.019796,-1.8686,2.3436,0.30911,-0.14009,-0.90138,-1.4991,-0.28458,-2.736
0.9,-0.70838,0.019917,0.12547,-0.68447,-0.013993,0.00010564,0.0066658,0.8837,3.9213,-0.10676,-0.10157,-0.8188,-1.4524,-1.3583,-3.1898,-0.69722,0.0029152,0.13497,-0.692,-0.012369,-0.006932,0.014507,1.522,2.3458,-0.7645,-0.85037,-2.1046,-1.9595,-1.3232,-2.3988
1,-0.70432,-0.00010233,0.13462,-0.67878,-0.014367,-0.0012694,0.020981,-1.2615,1.5491,0.59572,-0.49148,-1.265,-4.0363,-0.30525,-3.2573,-0.7179,0.013108,0.12259,-0.69147,-0.0062117,-0.0020418,0.016304,1.2414,1.8681,0.61069,-0.30187,-3.3261,-3.7078,-0.33984,-2.6024
1.1,-0.69454,-0.0055817,0.14068,-0.71539,-0.013369,-0.0046263,0.015367,0.22453,3.1312,0.90259,1.029,-0.71892,-5.3764,-1.4004,-3.1841,-0.70428,0.015245,0.1126,-0.7098,-0.018398,-0.012071,0.013328,-0.67014,2.9449,1.7115,-1.6961,-3.346,-4.1572,-2.3553,-3.4081
1.2,-0.70508,0.0071357,0.11544,-0.698,-0.018506,-0.0064902,0.018818,2.4259,4.9876,-0.38154,-0.69751,0.27704,-5.0819,-0.61802,-3.4233,-0.7004,0.010173,0.12693,-0.70609,-0.014406,0.0035419,0.020378,1.1516,4.2481,0.015729,-0.26259,-0.11469,-3.1654,-1.2412,-3.1486
1.3,-0.69233,0.0090654,0.12467,-0.69969,-0.017585,-0.0099062,0.01426,1.7545,4.1986,0.79772,-1.0177,-0.11783,-4.3374,-1.3241,-3.5754,-0.71079,-0.0053295,0.11007,-0.71897,-0.02423,-0.011928,0.015575,1.7183,3.6231,-1.2035,-0.26,-0.27391,-3.4769,-0.58078,-2.7931
1.4,-0.69384,-0.0070746,0.11351,-0.71011,-0.013004,-0.0085145,0.023028,1.376,3.4845,0.040359,-0.9085,-1.8736,-2.555,-0.086291,-5.1039,-0.6971,0.0066708,0.13051,-0.69782,-0.02234,-0.0075358,0.019218,0.25932,3.9057,1.5921,-0.52567,0.32903,-4.6135,-1.5947,-5.0649
1.5,-0.68469,0.0059439,0.11136,-0.68046,-0.031556,-0.0081176,0.019214,1.7806,4.8426,0.55348,-0.54435,-0.41156,-3.875,-0.016217,-5.6996,-0.69233,0.0046805,0.11261,-0.69278,-0.023005,-0.0038424,0.018295,0.57654,4.6412,-0.85549,-0.62303,-0.0031521,-3.7378,-0.70676,-6.6519
1.6,-0.72425,0.039196,0.12557,-0.69986,-0.016591,-0.0081965,0.021381,1.9117,4.9903,1.3875,-2.8856,-0.34734,-4.6161,-0.72214,-5.6213,-0.7121,0.010339,0.11819,-0.70849,-0.020331,-0.0097602,0.027162,2.0678,2.8634,-0.05867,2.4859,-0.92069,-5.3439,0.39367,-5.9407
1.7,-0.70853,0.0084326,0.10645,-0.7125,-0.026087,-0.0038798,0.018177,0.83122,4.4905,-0.55652,-1.4128,-0.92278,-4.4033,-0.56994,-5.166,-0.67929,0.007097,0.13251,-0.7244,-0.033859,-0.0028619,0.018625,1.4351,4.1695,0.4573,-0.90213,-0.63345,-6.9462,-0.38078,-6.5419
1.8,-0.69899,0.015175,0.11306,-0.70658,-0.026213,-0.0077144,0.021356,2.2631,5.7245,-0.81161,-2.5203,-1.012,-5.4165,-1.5494,-6.4212,-0.70954,0.016286,0.13002,-0.71148,-0.022269,-0.0088738,0.029369,0.35056,4.2652,0.055369,-0.33746,-0.68806,-7.3249,-2.1488,-6.8437
1.9,-0.69541,0.0071511,0.13102,-0.71414,-0.030951,-0.0086683,0.028698,0.53247,6.0312,0.22349,0.44455,-1.6244,-6.2855,-1.3556,-5.8868,-0.71433,0.021753,0.12657,-0.70503,-0.031286,-0.0042106,0.029086,0.13158,4.1701,-0.17058,-1.2594,-2.2631,-6.9424,0.58662,-5.2441
2,-0.69639,0.0099355,0.12972,-0.69381,-0.024486,-0.016374,0.025851,1.0884,5.1998,0.3799,-1.8036,-0.55077,-6.1752,-0.49781,-7.0423,-0.69213,0.023658,0.10595,-0.72633,-0.024862,-0.012254,0.036388,0.48485,5.8927,-0.85964,-1.4882,-1.1435,-7.4475,-1.5073,-6.9199
2.1,-0.69324,0.021586,0.11752,-0.71089,-0.028579,-0.011179,0.037913,1.2522,5.5379,1.2868,-0.096371,-2.2342,-6.5732,-0.73358,-4.9606,-0.6974,0.0027973,0.10858,-0.71483,-0.034501,-0.014948,0.019956,1.9629,8.744,-0.28323,-2.425,-1.5122,-6.6846,0.090735,-8.2728
2.2,-0.68691,-0.0023059,0.1119,-0.71097,-0.027735,-0.0071892,0.028659,-0.11666,6.3726,-0.23897,0.16043,-1.9797,-8.5101,-1.5695,-9.088,-0.68567,-0.0003191,0.1203,-0.73122,-0.030985,-0.0072214,0.03292,-0.48714,6.0192,-0.98354,0.12909,-1.0913,-6.7521,-0.80947,-5.9348
2.3,-0.69673,0.013093,0.10436,-0.71711,-0.035617,-0.011342,0.032504,2.4838,5.3009,-0.027162,-0.93882,-1.4773,-6.5964,-1.1817,-6.7626,-0.69598,0.0012607,0.11498,-0.71626,-0.032115,-0.0016593,0.036799,1.7298,4.2627,-0.97821,-2.5104,-1.5394,-7.3591,-2.8888,-7.63
2.4,-0.69228,0.022179,0.11804,-0.71539,-0.037333,-0.0090072,0.031245,-0.53024,4.7937,0.087654,-1.5378,-0.65512,-7.7519,-0.45625,-8.2122,-0.69733,0.0131,0.12325,-0.72341,-0.038521,-0.018733,0.046511,-1.9736,5.7075,1.5578,-0.7528,-1.224,-5.8999,-1.6301,-8.71
2.5,-0.69197,0.021451,0.10231,-0.70928,-0.029267,-0.0053201,0.027503,1.8978,7.4906,-0.25789,-1.0122,-1.1685,-7.0158,0.33298,-9.1896,-0.69612,0.022355,0.14112,-0.70785,-0.043965,-0.020088,0.040296,-0.59992,6.7489,-0.77835,-2.2677,-0.34507,-9.6357,-1.0419,-7.7192
2.6,-0.69236,0.0087605,0.10378,-0.71334,-0.04103,-0.012449,0.040003,2.3476,7.5897,0.6984,-1.8335,-2.9661,-9.1489,-0.28684,-10.454,-0.69206,0.012174,0.1212,-0.70386,-0.039561,-0.0096851,0.036064,1.6129,5.5864,-0.9609,-0.48647,-0.90327,-6.7632,-1.0263,-8.5137
2.7,-0.69721,0.019787,0.13708,-0.71004,-0.041646,-0.0081008,0.034809,1.2074,6.5014,-0.84346,-1.4176,-2.0486,-9.2924,-1.5773,-9.9965,-0.68405,0.021679,0.11166,-0.72037,-0.042028,-0.016835,0.033949,1.7599,6.1419,-1.0534,-1.4818,-0.69528,-9.203,-1.6202,-8.6124
2.8,-0.67065,0.012497,0.11836,-0.71488,-0.039958,-0.010471,0.041951,0.43652,7.5413,0.535,-3.0635,0.88633,-7.867,-0.43503,-8.8575,-0.67967,0.020775,0.10046,-0.72618,-0.045971,-0.021816,0.036448,-1.3927,9.2976,-0.11935,1.6404,-0.98818,-8.973,0.076368,-9.7743
2.9,-0.69176,0.023828,0.11252,-0.71971,-0.037966,-0.015513,0.033182,1.5721,7.5792,0.57983,-0.044279,1.2831,-9.4044,-1.2528,-10.442,-0.69464,0.030352,0.10045,-0.7207,-0.041757,-0.019184,0.050333,1.3068,8.4189,-0.55807,0.40844,-1.4085,-9.8491,0.0042453,-11.989
3,-0.68969,0.016286,0.098076,-0.7305,-0.044757,-0.0093813,0.055131,1.6168,8.4667,-1.8209,-2.0125,-0.74648,-10.191,-0.54149,-11.996,-0.68677,0.039062,0.10305,-0.7223,-0.045783,-0.01297,0.040532,0.052174,6.9264,-2.0951,-2.4428,-0.41487,-9.5893,0.41302,-9.7643
3.1,-0.68655,0.035518,0.10756,-0.723,-0.048752,-0.012825,0.047777,1.2827,7.9893,0.95935,-0.91585,-1.4036,-12.042,-0.8173,-10.042,-0.68005,0.027765,0.098037,-0.72162,-0.049919,-0.0057838,0.043956,1.2102,8.1998,-0.10744,-3.8532,-2.6352,-10.33,-1.1767,-11.742
3.2,-0.67723,0.024881,0.095406,-0.72386,-0.047137,-0.022265,0.056701,0.50332,7.9854,-3.1146,-2.5231,-1.3452,-11.17,-1.1655,-11.45,-0.67753,0.029959,0.1225,-0.73138,-0.043345,-0.0036686,0.049971,0.5122,9.2161,-2.4865,-4.6513,-2.5677,-10.878,-0.099831,-10.802
3.3,-0.67518,0.023344,0.10171,-0.7176,-0.052822,-0.016053,0.048753,-1.1215,8.8213,-0.65123,-1.9086,-2.476,-11.508,-1.2733,-11.669,-0.65815,0.049409,0.11254,-0.73806,-0.052041,-0.018247,0.051626,1.8967,8.0337,-0.04091,-1.2056,-0.92036,-10.99,-1.5988,-11.649
3.4,-0.67842,0.03057,0.10508,-0.73517,-0.050988,-0.014634,0.04939,-0.70789,9.4279,-0.77086,-1.6342,-0.88358,-11.226,-1.7463,-12.557,-0.68155,0.027035,0.11624,-0.72906,-0.050008,-0.017161,0.04409,3.7025,9.3743,-1.8611,-1.6307,-0.94073,-12.504,0.26231,-13.183
3.5,-0.67439,0.037577,0.10058,-0.73267,-0.053249,-0.013741,0.051181,1.9684,9.2994,-1.253,-2.9755,-1.1167,-10.91,-1.0177,-12.527,-0.67355,0.039366,0.084526,-0.73334,-0.05686,-0.013129,0.061942,1.082,9.5755,-0.5262,-2.0126,-1.6223,-11.572,-2.198,-13.439
3.6,-0.65312,0.034753,0.088485,-0.72905,-0.064109,-0.018257,0.051185,1.4685,9.7757,-0.99196,-3.7173,-0.16315,-10.388,-2.4555,-11.117,-0.66704,0.038052,0.10612,-0.74022,-0.04445,-0.016691,0.061283,2.3945,8.2719,-0.44447,-3.2294,0.52022,-12.574,-2.5407,-12.544
3.7,-0.66747,0.028769,0.10974,-0.72293,-0.050892,-0.019857,0.0597,-0.68795,11.079,-0.34065,-2.3331,-2.3418,-12.739,-0.53069,-14.088,-0.66161,0.034473,0.094783,-0.73735,-0.063229,-0.012062,0.057536,1.006,12.262,-2.3523,-3.4169,0.13274,-12.123,-1.2813,-14.846
3.8,-0.67223,0.043566,0.079506,-0.75223,-0.050882,-0.0067589,0.052435,-0.72993,11.047,-0.1364,-2.4807,-0.34793,-12.995,-2.0511,-13.074,-0.65181,0.033457,0.084223,-0.72308,-0.058555,-0.02259,0.052792,2.087,9.3828,1.6162,-5.3141,-0.31938,-11.548,-2.0417,-14.037
3.9,-0.68135,0.044733,0.098905,-0.72261,-0.05143,-0.020283,0.058417,-0.28774,10.199,-1.6595,-3.1358,-0.86469,-14.005,-0.6345,-13.035,-0.68754,0.040812,0.10057,-0.74219,-0.05649,-0.017135,0.059297,-0.66399,10.656,-0.33184,-4.1295,-0.42115,-13.383,-1.2435,-12.651
4,-0.66254,0.034222,0.0935,-0.759,-0.070606,-0.014211,0.059708,1.1136,10.07,-1.1166,-4.6924,-1.1081,-12.936,1.2995,-13.579,-0.66142,0.066021,0.10089,-0.73166,-0.057193,-0.0097116,0.058788,1.5909,10.362,-1.7247,-2.8195,-0.54978,-13.227,-1.9533,-14.609
4.1,-0.66144,0.056138,0.082435,-0.76499,-0.055295,-0.01598,0.061587,1.8066,12.314,-1.1327,-4.2201,-1.2977,-12.735,-1.0492,-13.727,-0.66985,0.043615,0.083455,-0.74593,-0.059453,-0.018411,0.053308,0.99564,10.315,-0.7681,-2.5982,0.061427,-10.342,-0.805,-15.631
4.2,-0.63907,0.047714,0.10587,-0.75468,-0.06201,-0.013939,0.054063,1.5312,10.428,0.11088,-4.8407,-1.6967,-13.099,-1.5661,-14.71,-0.64959,0.0635,0.11381,-0.74808,-0.059831,-0.012076,0.062897,0.21758,11.371,-0.21489,-4.3213,-0.24569,-13.121,0.35269,-14.245
4.3,-0.66367,0.054269,0.083909,-0.75938,-0.052471,-0.011924,0.059508,1.7526,11.694,-1.1078,-3.9964,-1.3854,-13.361,-1.0344,-13.337,-0.65082,0.053437,0.10196,-0.7641,-0.062531,-0.0069719,0.064078,2.5682,12.092,-0.79791,-4.8446,-0.16762,-11.658,-2.2554,-17.072
4.4,-0.62554,0.041638,0.098668,-0.74848,-0.069045,-0.012962,0.070151,-2.2334,10.26,-1.191,-3.8648,-0.909,-12.672,-1.0291,-17.491,-0.64401,0.047082,0.099495,-0.75955,-0.064423,-0.017371,0.070923,0.56268,12.41,-1.2375,-5.5621,-0.58175,-14.261,-2.0743,-16.504
4.5,-0.63549,0.067114,0.084214,-0.74826,-0.061121,-0.023099,0.058929,0.27821,12.849,-0.21558,-6.15,0.021322,-12.023,-0.77262,-15.902,-0.64115,0.080427,0.092954,-0.77063,-0.066925,-0.018536,0.068781,1.2973,12.14,-0.090441,-4.9323,-1.6253,-14.66,-0.63539,-15.89
4.6,-0.64747,0.053491,0.079893,-0.76721,-0.067454,-0.0063631,0.062707,0.92074,12.42,-1.5302,-6.7418,0.53746,-11.817,-0.70433,-15.69,-0.66261,0.053204,0.0877,-0.76896,-0.069355,-0.0083203,0.064158,0.29837,11.441,-1.992,-4.5725,-1.4037,-13.28,-1.4354,-16.391
4.7,-0.65582,0.058291,0.091039,-0.76245,-0.069633,-0.011787,0.064436,0.35779,12.295,-1.892,-4.7893,-0.45389,-12.923,-2.2652,-17.497,-0.64237,0.091907,0.079777,-0.76325,-0.063383,-0.0229,0.05136,-1.3872,13.514,-2.3927,-7.299,-1.7212,-14.933,-1.4018,-17.062
4.8,-0.62195,0.053029,0.081001,-0.76193,-0.069631,-0.015934,0.069875,-0.60114,12.901,-0.66977,-6.5868,-2.4451,-12.74,0.88122,-18.12,-0.63037,0.074318,0.097619,-0.76842,-0.07114,-0.013795,0.067535,1.8312,11.639,-1.4906,-7.4397,0.26246,-12.503,-1.6575,-18.172
4.9,-0.63579,0.081123,0.078331,-0.77368,-0.068907,-0.016499,0.072714,-0.83392,12.473,-3.6571,-8.3202,-0.79632,-11.711,-1.2417,-19.886,-0.62764,0.064518,0.065795,-0.76363,-0.07392,-0.010635,0.069125,-0.42723,13.023,-0.23271,-4.9877,0.19463,-13.646,-1.5509,-18.122
5,-0.63107,0.059962,0.079812,-0.77326,-0.074747,-0.0066048,0.075413,0.72968,13.167,-2.073,-6.5562,0.18815,-14.601,0.27106,-18.619,-0.63326,0.080887,0.077294,-0.76169,-0.069514,-0.011543,0.066336,0.38996,13.301,-1.6466,-8.3925,-0.5929,-11.544,0.2301,-19.525
5.1,-0.63704,0.073368,0.07268,-0.75775,-0.082469,-0.014568,0.082044,1.5858,12.221,-0.070752,-7.9941,-0.023726,-13.278,-1.0636,-17.176,-0.62407,0.091573,0.072251,-0.7535,-0.070733,-0.015206,0.081629,0.81171,13.804,-2.4551,-8.0721,0.43464,-14.75,-1.2622,-17.687
5.2,-0.62664,0.086194,0.07097,-0.76504,-0.076925,-0.019135,0.068638,0.59512,12.886,-2.6715,-7.6435,0.49857,-14.548,-1.9179,-18.634,-0.63062,0.067918,0.065796,-0.76159,-0.079632,-0.015839,0.073266,0.82388,14.557,-1.3076,-6.3807,-2.2559,-12.921,-1.5464,-20.12
5.3,-0.6518,0.073939,0.087652,-0.76875,-0.079239,-0.013285,0.072781,1.1669,14.795,-0.59976,-9.9984,-0.79109,-14.38,-2.2552,-18.355,-0.63976,0.066501,0.078507,-0.75672,-0.068932,-0.014218,0.066219,0.14067,13.484,-0.2258,-7.1086,-0.11557,-14.081,-0.82423,-18.98
5.4,-0.61775,0.086557,0.0683,-0.77461,-0.07739,-0.01201,0.066022,0.95255,14.627,-1.5826,-6.8369,-0.6989,-13.195,-0.12402,-20.11,-0.64392,0.08657,0.060677,-0.772,-0.075256,-0.0051826,0.065698,1.2976,14.868,-2.7875,-7.7032,-1.0445,-13.604,1.2456,-19.197
5.5,-0.61252,0.10385,0.060915,-0.7893,-0.084404,-0.0060656,0.075053,1.2633,13.773,-0.46464,-8.6294,-2.2087,-13.124,-0.29736,-19.952,-0.61949,0.077985,0.049953,-0.77441,-0.074719,-0.0087122,0.076877,2.8553,12.246,-0.50107,-6.6204,1.9766,-13.314,0.11729,-19.527
5.6,-0.61075,0.082193,0.066308,-0.78895,-0.082903,-0.014027,0.065932,0.54624,14.017,0.60953,-9.4137,0.16947,-14.421,-1.1667,-21.824,-0.61772,0.087982,0.054431,-0.77654,-0.086846,-0.0042897,0.0706,0.99508,15.624,0.45722,-8.811,-0.021356,-13.118,-1.1019,-20.862
5.7,-0.6134,0.09282,0.04741,-0.78634,-0.079637,-0.0056363,0.074748,1.7858,12.781,-0.36922,-10.637,2.2992,-14.627,0.36609,-23.114,-0.59893,0.087629,0.061695,-0.77179,-0.077382,-0.011491,0.071231,1.1217,15.418,-2.3197,-8.688,0.79536,-13.89,-2.1905,-21.134
5.8,-0.59606,0.10006,0.039401,-0.80106,-0.082853,-0.013396,0.074899,-0.11854,15.383,-0.96724,-9.6092,0.063181,-14.967,-2.1892,-21.364,-0.61762,0.10038,0.067805,-0.79383,-0.083907,-0.012912,0.07056,0.87137,16.354,-1.9022,-11.295,-0.5542,-13.882,-1.5702,-21.299
5.9,-0.59478,0.086318,0.072323,-0.77357,-0.081759,-0.023266,0.076043,-0.3457,13.858,-1.8994,-9.4435,-0.16645,-14.581,-1.1998,-20.855,-0.58527,0.090409,0.078346,-0.78488,-0.08474,-0.0067232,0.074203,0.70083,15.7,-1.1472,-10.023,0.63021,-14.925,-1.0057,-23.492
6,-0.60517,0.096481,0.04262,-0.79265,-0.088506,-0.012687,0.074226,1.7801,15.984,-1.4897,-12.469,0.016235,-15.03,-1.1006,-22.3,-0.58879,0.10335,0.062,-0.7892,-0.085451,-0.0076742,0.072967,1.003,14.046,-2.4744,-11.935,-0.29973,-11.829,-2.2133,-21.06
6.1,-0.59616,0.10302,0.058515,-0.79508,-0.092496,-0.0077708,0.070587,-1.8598,13.979,-0.35437,-12.407,1.0556,-14.247,-2.7778,-20.207,-0.6019,0.10312,0.067404,-0.78898,-0.092364,-0.009601,0.086874,3.6845,14.809,-2.2545,-11.444,0.43394,-14.842,-1.9645,-22.585
6.2,-0.60541,0.10962,0.043722,-0.808,-0.085877,-0.010709,0.083133,0.55997,16.779,0.076503,-11.258,-1.0037,-14.082,-1.3175,-22.981,-0.59481,0.11028,0.054073,-0.78562,-0.099273,-0.0052022,0.072213,1.8431,15.832,-2.1086,-12.303,0.30464,-13.57,-2.3936,-23.919
6.3,-0.57872,0.09128,0.032426,-0.79147,-0.10046,-0.014548,0.073468,1.3792,15.378,-0.40421,-12.975,0.65677,-12.955,-0.38208,-25.468,-0.5827,0.10973,0.057906,-0.78405,-0.090892,-0.008011,0.080808,1.3713,15.213,-0.96562,-13.779,-0.68399,-13.205,-1.2015,-21.323
6.4,-0.60151,0.090248,0.035648,-0.79811,-0.092722,-0.0088074,0.066901,-1.5168,16.817,-0.72904,-12.929,0.26171,-14.152,0.49618,-24.319,-0.58066,0.099617,0.058407,-0.80361,-0.08295,-0.016519,0.074614,-0.91744,15.628,-0.85334,-11.297,1.2313,-12.35,-1.9198,-23.806
6.5,-0.58193,0.089599,0.050859,-0.8008,-0.094564,-0.0037368,0.0798,-0.18231,16.593,-2.2233,-12.335,0.93684,-13.222,-1.9117,-24.409,-0.58124,0.10139,0.03936,-0.78792,-0.09376,-0.0020524,0.073949,0.57358,17.715,-2.2176,-13.02,0.40301,-12.99,-1.9338,-25.353
6.6,-0.56696,0.11658,0.039013,-0.79526,-0.091203,-0.0032877,0.074084,2.7223,16.515,-1.2976,-15.335,0.13014,-12.739,-0.51205,-23.494,-0.597,0.12904,0.020962,-0.80864,-0.090584,-0.014552,0.078292,0.049377,17.722,1.3222,-12.458,0.57933,-13.197,-2.7953,-24.917
6.7,-0.56443,0.10037,0.033088,-0.81815,-0.1064,-0.010971,0.081559,-1.4574,16.607,-1.8319,-12.799,0.017803,-13.829,-2.0781,-25.509,-0.56783,0.10383,0.050625,-0.80742,-0.096564,-0.0076433,0.065898,-0.065104,17.352,-2.3771,-12.4,-0.37037,-11.215,-0.35646,-25.372
6.8,-0.56796,0.1181,0.021517,-0.80474,-0.10439,-0.0063211,0.086438,0.34326,17.058,-3.0974,-13.428,-0.37531,-14.285,-1.9268,-25.187,-0.56717,0.098916,0.033854,-0.81335,-0.095976,-0.0083578,0.086334,1.6181,16.704,-0.49576,-13.985,0.48191,-11.893,-1.1777,-25.578
6.9,-0.57103,0.12668,0.027403,-0.80007,-0.10549,-0.0083464,0.071805,2.8941,17.254,-1.1768,-14.939,0.55046,-12.808,-1.3182,-26.893,-0.57413,0.12347,0.034585,-0.82216,-0.10319,-0.0089913,0.079449,-0.50265,18.068,-1.3347,-13.223,0.9111,-13.131,-3.44,-23.907
7,-0.56743,0.097081,0.022445,-0.81847,-0.098308,-0.0086573,0.080134,0.42581,17.99,0.54907,-14.728,0.51227,-12.24,-3.34,-25.315,-0.54465,0.096086,0.016338,-0.814,-0.10007,-0.0046369,0.080647,0.3464,18.03,-2.6222,-12.76,1.7623,-13.234,-2.2674,-26.049
7.1,-0.55081,0.13611,0.026386,-0.82248,-0.097371,-0.009545,0.077712,0.65912,18.689,-0.45886,-15.655,0.50512,-13.538,-2.9043,-25.054,-0.55371,0.11471,0.02715,-0.82652,-0.10808,-0.0071213,0.079935,-1.2228,19.031,-0.22715,-14.725,0.27678,-13.802,-1.1985,-25.389
7.2,-0.54215,0.13192,0.021445,-0.82998,-0.096907,-0.0054768,0.082247,1.8064,17.556,-1.585,-13.888,1.13,-13.794,-0.43858,-25.38,-0.55013,0.13652,0.027242,-0.8051,-0.098304,-0.0050649,0.071539,3.4286,17.9,-1.656,-16.283,-0.17395,-13.148,-2.8268,-26.094
7.3,-0.54542,0.1291,0.027397,-0.83536,-0.10694,0.0015236,0.07977,1.4487,17.971,-0.4159,-16.213,-0.87588,-11.79,0.086827,-25.292,-0.54528,0.12669,0.027248,-0.83563,-0.11469,-0.0096389,0.078188,1.3863,17.177,-3.9232,-16.369,-0.39399,-12.713,-2.38,-25.702
7.4,-0.55629,0.12745,0.039569,-0.82409,-0.096497,-0.016498,0.077646,0.8346,19.879,-1.904,-16.946,0.9003,-13.041,0.028198,-26.969,-0.52451,0.11334,0.031902,-0.82618,-0.11429,-0.0013124,0.074675,-0.99317,19.774,-2.5444,-16.854,0.78994,-11.01,1.3958,-27.828
7.5,-0.53663,0.14288,0.039751,-0.83985,-0.11387,-0.010801,0.078013,0.061989,20.409,-1.2982,-16.201,0.75196,-10.943,-1.4177,-27.542,-0.52919,0.1354,0.028787,-0.83908,-0.1122,-0.010449,0.074418,1.9794,19.485,0.95587,-14.893,0.044743,-11.533,-0.59057,-28.771
7.6,-0.51689,0.14065,0.037418,-0.82781,-0.11327,-0.0092616,0.088222,0.79887,17.79,0.3728,-17.119,-0.21004,-11.271,-0.76361,-29.73,-0.5188,0.1324,0.022129,-0.83189,-0.12022,-0.0011057,0.080859,0.78059,18.796,-0.23464,-17.258,0.13645,-12.565,-1.8491,-28.982
7.7,-0.52634,0.14008,0.01043,-0.83394,-0.12171,-0.019524,0.080908,0.65145,18.791,-0.41554,-20.342,-0.37778,-11.032,-1.8349,-29.995,-0.51109,0.14337,0.012302,-0.84026,-0.11914,-0.00064329,0.084386,1.1066,19.559,-3.3324,-17.417,0.73474,-13.677,-0.62475,-28.388
7.8,-0.521,0.14406,0.010568,-0.84543,-0.11594,-0.013361,0.075933,1.9754,18.876,-2.1577,-17.036,2.0236,-10.171,-1.2279,-29.39,-0.53054,0.15495,0.0021435,-0.84346,-0.11483,-0.010545,0.079446,1.7695,20.75,-0.86599,-16.907,2.3125,-12.12,-1.1782,-28.768
7.9,-0.50228,0.12392,0.011664,-0.84919,-0.11191,-0.0055938,0.07776,0.96523,19.151,-1.2656,-17.464,0.46878,-9.9579,0.3435,-28.813,-0.51754,0.1565,0.012693,-0.83097,-0.11958,0.0016448,0.08742,-0.075297,21.117,-1.1621,-19.261,0.30882,-8.5778,-1.6424,-29.646
8,-0.5105,0.15983,0.0022272,-0.85167,-0.12963,-0.0024253,0.089722,1.511,21.242,0.83485,-20.092,-0.5952,-10.994,-0.95023,-28.541,-0.49865,0.1226,0.0094183,-0.85172,-0.11526,0.0041347,0.079935,0.83917,20.545,0.013192,-19.944,0.45674,-8.6721,-1.7765,-28.621
8.1,-0.50846,0.14605,-0.00017682,-0.84893,-0.12302,0.0027324,0.081618,1.1652,20.709,0.85456,-18.42,2.574,-8.7098,-2.3403,-30.595,-0.50036,0.15068,-0.0057938,-0.8483,-0.12022,0.0015485,0.077263,0.40078,21.658,-0.78667,-18.643,-0.26546,-9.3424,-0.67052,-30.883
8.2,-0.49089,0.16325,0.018197,-0.84624,-0.12889,-0.017669,0.075175,1.5226,20.974,-2.0526,-20.157,0.27896,-10.154,-1.1966,-30.598,-0.50554,0.15134,0.0047115,-0.84629,-0.1207,0.00047351,0.081416,0.1622,21.762,-1.6401,-20.957,1.5855,-9.1948,-2.3026,-31.755
8.3,-0.48587,0.146,-0.015783,-0.85792,-0.11772,-0.0093734,0.083034,0.64027,20.547,-1.699,-19.775,0.54108,-10.324,-0.32747,-31.402,-0.48761,0.16003,-0.011225,-0.86702,-0.1298,0.0015485,0.079323,-0.12685,21.952,-2.623,-20.309,-1.1855,-8.6434,-2.443,-29.426
8.4,-0.46755,0.13474,-0.0015776,-0.87382,-0.12552,-0.008232,0.079024,1.1055,21.153,-1.4384,-19.577,-0.32423,-9.8896,-2.4254,-32.32,-0.47671,0.15245,-0.0085891,-0.84611,-0.12026,-0.0029822,0.07849,-0.74376,20.987,-1.5205,-18.16,1.6473,-8.3839,-1.0134,-31.855
8.5,-0.4867,0.14398,-0.012325,-0.85776,-0.13115,-0.0017714,0.086386,-0.37981,20.437,-0.31596,-20.204,-0.26141,-7.3407,-0.0911,-33.367,-0.48706,0.15745,0.014536,-0.8538,-0.12373,-0.0049102,0.084245,0.27375,22.277,-1.7728,-19.867,-0.40843,-8.1363,-1.4798,-33.366
8.6,-0.48539,0.14232,-0.0047269,-0.88812,-0.12308,-0.011378,0.068832,0.76805,20.012,-0.25113,-19.305,2.8119,-6.0215,-0.34955,-32.226,-0.47476,0.17176,-0.0084961,-0.88669,-0.1326,-0.0031105,0.082307,0.080679,21.159,-2.252,-21.983,2.1894,-8.4387,-0.35135,-31.612
8.7,-0.45944,0.13794,-0.017715,-0.87594,-0.12939,-0.008614,0.067281,1.0501,24.129,-0.95902,-20.401,0.44208,-7.3144,-1.7377,-32.539,-0.44104,0.16046,-0.0044651,-0.87032,-0.13039,-0.0048661,0.074696,0.60166,24.505,0.36067,-20.097,-0.41733,-8.2106,-1.0201,-31.204
8.8,-0.45001,0.17828,0.00021114,-0.86482,-0.12571,0.0046262,0.082973,1.6941,21.853,-0.29507,-22.045,-0.21868,-8.9376,-0.24103,-33.636,-0.46496,0.15926,0.00050852,-0.88412,-0.12568,0.0066262,0.080663,2.9044,21.658,-0.76534,-20.299,1.5336,-6.7891,-0.85146,-30.317
8.9,-0.46655,0.17319,-0.02853,-0.87861,-0.12194,-0.0024217,0.081071,0.69443,21.608,-1.416,-21.833,2.4968,-7.7915,1.4308,-35.547,-0.44335,0.16118,-0.022183,-0.88181,-0.13369,-0.0021813,0.078134,0.35163,20.945,-1.2803,-21.711,1.1769,-8.0697,-0.94684,-33.26
9,-0.45147,0.15689,-0.018164,-0.86048,-0.12699,-0.0041407,0.078116,-1.0436,22.752,0.13058,-22.874,1.3942,-6.2007,0.27237,-34.543,-0.45083,0.16384,-0.042146,-0.8887,-0.12499,0.0060293,0.076018,2.3788,21.611,-0.8316,-21.116,0.63518,-6.925,0.7699,-32.28
9.1,-0.44843,0.15294,-0.008921,-0.89156,-0.12894,0.0067675,0.066269,1.2699,23.068,-2.2402,-24.333,2.5134,-5.071,0.037544,-32.476,-0.40818,0.15372,-0.036579,-0.88284,-0.13424,-0.0013351,0.07382,0.68343,23.183,-2.3713,-22.781,-0.9538,-6.096,-1.8774,-32.692
9.2,-0.4369,0.16734,-0.030417,-0.88076,-0.13116,0.0044352,0.078764,1.1604,24.659,0.41911,-22.195,1.7691,-7.2358,1.3491,-33.395,-0.43614,0.15337,-0.026698,-0.87968,-0.13488,0.0036193,0.07455,0.16256,22.566,-1.6653,-22.063,0.51034,-4.9192,-1.4977,-33.584
9.3,-0.43781,0.16017,-0.024389,-0.88852,-0.13228,-0.0020808,0.070295,-0.59657,23.616,-1.3577,-25.022,0.37226,-6.1871,-0.16305,-33.691,-0.45455,0.17169,-0.038673,-0.8793,-0.13651,0.0053753,0.087289,2.0118,23.773,-0.45281,-24.634,1.8413,-6.8943,-0.58768,-35.058
9.4,-0.44032,0.18084,-0.01899,-0.87581,-0.13906,0.0017579,0.075185,4.2102,24.005,-1.2933,-23.008,0.53697,-6.5218,0.66265,-34.518,-0.41733,0.17672,-0.0094783,-0.90276,-0.13765,0.0098435,0.071092,0.97856,24.626,-0.4687,-23.829,-0.03431,-4.9567,-0.43204,-34.538
9.5,-0.43985,0.17435,-0.026448,-0.89336,-0.13573,0.001233,0.067731,1.8761,21.874,-1.5412,-25.112,0.26922,-6.5208,1.1456,-33.812,-0.41552,0.17623,-0.03539,-0.88507,-0.1388,0.0070965,0.070581,1.6969,26.419,-1.5044,-26.491,0.52637,-3.4511,-0.45924,-33.183
9.6,-0.4208,0.17388,-0.030604,-0.89892,-0.13615,-0.00055699,0.067271,1.0354,25.383,0.084811,-24.632,1.1939,-5.0198,-0.48191,-33.289,-0.42667,0.16961,-0.046685,-0.89173,-0.12921,0.0038261,0.075489,0.67104,22.744,-1.0058,-23.624,1.7858,-4.7681,0.098122,-34.878
9.7,-0.38335,0.16746,-0.024126,-0.89488,-0.13685,0.0087069,0.066192,0.58236,23.456,0.76456,-26.13,-1.4069,-4.6399,-0.33957,-33.008,-0.41601,0.16287,-0.02755,-0.90677,-0.14333,-0.001221,0.073201,1.1514,23.205,-3.8747,-23.669,-1.174,-4.5779,1.0915,-35.276
9.8,-0.40221,0.18459,-0.037547,-0.91292,-0.13843,0.005753,0.068304,-0.84614,25.929,0.46353,-25.534,0.070046,-5.987,0.192,-33.21,-0.38957,0.15539,-0.01935,-0.89914,-0.13462,0.0023593,0.062012,2.8277,24.18,-1.4771,-25.299,0.37694,-3.6053,1.0639,-34.043
9.9,-0.38252,0.17069,-0.050347,-0.90805,-0.13247,-0.00033268,0.063362,1.3161,25.387,-0.95139,-24.629,-0.31793,-4.7393,0.37014,-32.576,-0.39078,0.19009,-0.026819,-0.8993,-0.139,0.0035304,0.066116,2.7691,21.781,-1.9186,-26.205,2.5416,-5.5185,1.4626,-33.226
10,-0.38413,0.16505,-0.031336,-0.91608,-0.14154,0.011577,0.079212,1.1243,24.578,-2.2117,-25.971,-1.2308,-4.1669,1.4052,-33.551,-0.37877,0.1806,-0.047208,-0.91005,-0.13758,0.0073885,0.071556,0.91297,25.404,-1.3093,-25.696,1.1459,-4.3001,-0.59387,-33.606
10.1,-0.37389,0.19512,-0.043855,-0.91374,-0.1381,0.008764,0.064278,0.90389,28.577,1.3097,-26.653,2.6337,-2.532,0.1972,-34.763,-0.38533,0.17135,-0.053922,-0.91692,-0.14086,0.001092,0.062743,1.6251,25.888,-2.8879,-26.698,0.51086,-3.4893,0.82495,-34.09
10.2,-0.37121,0.17477,-0.045582,-0.90218,-0.13898,0.015385,0.068355,-1.2153,24.583,-1.4229,-28.05,-0.1963,-1.8978,0.95291,-32.675,-0.36495,0.1784,-0.033391,-0.90638,-0.14506,0.011971,0.062533,1.7338,27.508,0.65529,-26.029,1.1746,-2.4275,0.58863,-32.393
10.3,-0.37097,0.17242,-0.042486,-0.90239,-0.13927,0.015977,0.07272,1.0323,27.749,-0.49256,-29.674,1.0651,-1.8602,2.0242,-32.736,-0.37463,0.18735,-0.043321,-0.90621,-0.14391,0.008213,0.069275,1.4917,24.27,-0.21021,-26.64,1.0778,-2.3299,1.4624,-33.41
10.4,-0.35581,0.1881,-0.039791,-0.90297,-0.14146,0.0062635,0.062534,1.0553,26.362,-1.8452,-28.865,0.55887,-3.3156,0.90228,-31.824,-0.35665,0.18048,-0.035646,-0.90799,-0.13807,0.010029,0.070058,0.35519,25.299,-1.2802,-27.813,1.3869,-3.2178,1.5389,-33.073
10.5,-0.35132,0.18969,-0.062309,-0.90083,-0.13101,0.013838,0.057218,0.9017,26.449,-1.9941,-28.269,1.9715,-2.6327,0.65042,-31.661,-0.34873,0.17084,-0.036835,-0.92286,-0.13888,0.0090833,0.061566,-1.5581,26.353,-1.4944,-29.748,0.65479,-2.7057,1.0986,-31.817
10.6,-0.36085,0.18715,-0.057398,-0.93037,-0.14295,0.008508,0.062433,0.093861,27.061,-1.7396,-28.199,0.83104,-2.3737,0.94581,-29.802,-0.34132,0.18384,-0.05801,-0.92494,-0.13941,0.012105,0.063374,0.37275,28.115,-2.0337,-29.726,1.3499,-0.88754,0.1862,-31.124
10.7,-0.32206,0.18487,-0.054656,-0.91373,-0.13836,0.016973,0.061756,0.89933,26.942,-2.267,-27.53,-0.12445,0.13202,0.00060723,-31.883,-0.33181,0.1933,-0.055265,-0.93126,-0.13926,0.014528,0.056936,0.80485,26.211,-2.7679,-29.445,1.6057,-0.35776,1.662,-31
10.8,-0.32443,0.17874,-0.044123,-0.93213,-0.1452,0.018923,0.053571,1.7513,27.711,-1.8012,-28.945,2.006,-0.87766,1.7334,-29.647,-0.3098,0.1841,-0.033453,-0.94775,-0.1439,0.013244,0.062878,0.72869,27.907,-1.2339,-29.422,-0.99534,-2.6976,1.0839,-32.52
10.9,-0.3099,0.19043,-0.052101,-0.92031,-0.13749,0.021292,0.055156,1.8229,25.981,-1.6075,-31.338,0.98756,-1.7246,-0.99666,-31.958,-0.31765,0.19437,-0.059251,-0.93673,-0.13374,0.010781,0.06555,1.5288,28.558,-2.388,-27.739,-0.22338,-2.1176,2.0857,-31.258
11,-0.31064,0.16241,-0.067328,-0.92655,-0.13382,0.011189,0.054272,1.7658,29.762,-1.2001,-30.143,-0.17536,0.12966,0.6723,-30.663,-0.32521,0.18563,-0.051254,-0.92294,-0.1441,0.024586,0.063577,-0.053632,26.561,-2.0535,-29.985,1.113,-0.5477,1.4792,-32.587
11.1,-0.30338,0.18709,-0.060511,-0.94167,-0.14193,0.015009,0.051216,0.15606,29.023,-1.4456,-29.688,-1.075,-0.51177,-0.054529,-30.038,-0.28723,0.19578,-0.049306,-0.93601,-0.14029,0.013428,0.064648,1.5839,28.154,-0.92821,-28.749,0.75386,-1.1294,3.3443,-31.493
11.2,-0.31236,0.17069,-0.049329,-0.94026,-0.1482,0.019749,0.060104,0.17974,28.861,-0.00099907,-32.681,1.3916,-0.74542,0.28448,-29.076,-0.27282,0.17854,-0.058985,-0.94601,-0.13986,0.027323,0.05376,0.34267,28.422,-2.7868,-30.791,2.0548,0.98196,2.4225,-31.165
11.3,-0.30166,0.19808,-0.078274,-0.94574,-0.13783,0.025756,0.046718,0.21071,27.852,-0.87468,-31.425,-0.62416,-0.12117,-0.02288,-29.731,-0.32022,0.18733,-0.069389,-0.93674,-0.14225,0.012894,0.059778,1.4063,28.039,-1.9171,-32.057,0.10996,0.53472,1.5776,-28.702
11.4,-0.29933,0.18438,-0.067284,-0.92264,-0.13954,0.023635,0.063195,1.199,26.17,-0.73785,-30.15,1.9239,1.0252,-0.24956,-29.849,-0.29441,0.19136,-0.066292,-0.93696,-0.14697,0.023948,0.060588,0.22361,27.955,-0.54741,-30.774,1.5454,0.75545,0.11814,-29.422
11.5,-0.25013,0.19597,-0.075148,-0.93645,-0.14136,0.027897,0.044283,3.6174,28.217,-1.0246,-31.57,0.43733,0.47904,-0.28668,-28.595,-0.27845,0.18848,-0.062287,-0.95501,-0.13814,0.023436,0.053297,1.9914,28.476,-0.69121,-32.001,1.835,1.2597,-0.11394,-29.786
11.6,-0.27197,0.19502,-0.061167,-0.93509,-0.13343,0.024992,0.061677,0.074306,27.531,0.43024,-31.17,0.41019,-0.04572,-0.83323,-31.255,-0.24817,0.18913,-0.080294,-0.94008,-0.14775,0.020529,0.05016,0.44151,27.986,-1.7788,-31.456,1.9492,0.15344,0.70111,-29.283
11.7,-0.26011,0.19512,-0.060587,-0.92315,-0.14026,0.017684,0.047609,-0.33857,28.667,-2.0361,-33.014,1.3344,2.003,1.8713,-28.516,-0.2633,0.19017,-0.067741,-0.93723,-0.13728,0.014271,0.047741,0.14591,29.224,-2.286,-32.467,0.46459,1.3924,-1.2546,-30.242
11.8,-0.24703,0.18173,-0.061743,-0.94804,-0.13469,0.032192,0.055587,0.14031,30.947,0.25281,-32.558,2.1244,1.5015,0.88763,-27.034,-0.24736,0.18162,-0.060779,-0.9359,-0.13927,0.027791,0.049209,0.47646,28.341,-0.94861,-32.723,0.52931,1.4985,0.31384,-28.28
11.9,-0.24629,0.18216,-0.06346,-0.95069,-0.13889,0.024438,0.04999,-0.27879,28.729,-0.93146,-34.731,2.073,2.5411,-0.79991,-28.741,-0.25136,0.18533,-0.057872,-0.9516,-0.14804,0.036873,0.050443,-1.0821,29.346,-2.4527,-34.711,0.29608,3.8292,1.0836,-29.398
12,-0.23388,0.18049,-0.072857,-0.95455,-0.13803,0.033167,0.036553,0.81479,29.252,-0.62939,-34.994,0.73744,5.2774,0.063816,-25.501,-0.23723,0.19497,-0.070482,-0.94917,-0.14452,0.031158,0.044153,-0.12616,30.527,-1.9668,-35.67,0.39076,2.0656,0.26879,-28.942
12.1,-0.21215,0.18434,-0.060555,-0.94569,-0.13839,0.038866,0.039445,1.1496,30.345,-1.4379,-34.061,0.61933,3.1395,1.3028,-25.658,-0.23416,0.21416,-0.071095,-0.94679,-0.14115,0.017066,0.046448,1.0292,30.111,-3.6313,-34.944,-0.060111,3.4596,0.40771,-30.155
12.2,-0.21735,0.20413,-0.07966,-0.95627,-0.13941,0.038124,0.04939,-0.05778,30.892,-3.2018,-36.547,0.94659,3.3352,2.4033,-27.644,-0.22151,0.17022,-0.094153,-0.93957,-0.14213,0.025162,0.043257,1.6196,32.082,-1.4467,-36.364,0.44627,2.8359,2.6228,-28.678
12.3,-0.22234,0.18565,-0.078504,-0.9599,-0.14133,0.039782,0.04477,0.75435,30.111,-0.26141,-36.307,1.8946,4.7698,0.39066,-26.607,-0.22835,0.16596,-0.08076,-0.94718,-0.14701,0.032858,0.045173,2.0084,29.997,-0.25415,-35.507,0.78007,4.165,0.40168,-28.572
12.4,-0.20857,0.18553,-0.059109,-0.96381,-0.14144,0.041857,0.034684,1.9361,30.756,-2.2688,-36.966,1.9739,4.8018,0.81434,-25.372,-0.2188,0.18142,-0.080819,-0.96061,-0.14907,0.032792,0.043466,1.1275,28.939,-0.4942,-35.923,0.47533,3.965,1.7612,-26.839
12.5,-0.21266,0.1834,-0.071348,-0.94863,-0.14098,0.045064,0.034024,0.67277,30.123,-1.3896,-37.656,1.0088,4.3093,0.90391,-26.423,-0.19421,0.18156,-0.077121,-0.94183,-0.14304,0.035289,0.045514,0.90152,30.173,-1.2848,-36.048,-0.89382,3.8514,0.7606,-28.236
12.6,-0.18924,0.1918,-0.053638,-0.97024,-0.15299,0.038845,0.033678,0.92618,30.051,-3.499,-37.12,1.3473,4.9673,0.68619,-25.83,-0.17482,0.18459,-0.074942,-0.96763,-0.14974,0.035135,0.041878,1.0659,30.557,0.19754,-37.968,0.83666,3.3496,0.88432,-26.791
12.7,-0.18759,0.18076,-0.056616,-0.95433,-0.14863,0.047056,0.04626,0.79334,32.939,-1.3739,-38.184,-0.78911,4.193,0.60532,-25.057,-0.18645,0.18799,-0.09019,-0.96104,-0.14412,0.040503,0.031824,1.5906,30.725,-1.1876,-35.236,0.84829,3.0795,1.3103,-27.393
12.8,-0.18316,0.17878,-0.095392,-0.97882,-0.14369,0.044532,0.033837,0.6155,31.437,-0.79191,-37.468,0.64037,2.9751,-0.092085,-24.302,-0.19057,0.19509,-0.080469,-0.9578,-0.15342,0.03473,0.035133,0.67943,32.682,-2.0273,-37.099,0.66743,5.4138,-0.35271,-26.63
12.9,-0.18024,0.17693,-0.094161,-0.96494,-0.14294,0.045897,0.025171,-0.88821,31.782,-0.82247,-39.729,1.4654,4.1267,1.7372,-25.794,-0.17765,0.18815,-0.099595,-0.94714,-0.14969,0.04515,0.036022,1.1047,31.896,0.37345,-37.427,1.1151,4.569,-0.20541,-25.488
13,-0.17436,0.17642,-0.084606,-0.96898,-0.14762,0.045642,0.037547,-0.15353,31.278,0.29753,-37.686,0.55764,5.283,1.2425,-24.452,-0.17868,0.1766,-0.083748,-0.96508,-0.15037,0.043755,0.041886,2.9328,32.874,-0.14966,-38.118,1.5318,4.8312,-0.91938,-25.709
13.1,-0.14864,0.17871,-0.094935,-0.94854,-0.14434,0.043334,0.02734,0.0523,33.162,-0.90469,-38.752,-2.4039,5.9801,-0.30535,-23.169,-0.14956,0.17473,-0.084313,-0.9619,-0.15735,0.043557,0.030959,0.71409,32.562,-2.2703,-40.305,-0.092807,5.188,0.77497,-26.509
13.2,-0.15573,0.18216,-0.073929,-0.95721,-0.13855,0.049564,0.03624,0.92217,32.078,-1.6857,-40.714,-0.17483,4.1205,0.31489,-23.919,-0.15203,0.17536,-0.088791,-0.97401,-0.15119,0.036095,0.039006,-1.2677,29.978,-1.1405,-38.47,1.5598,5.817,-0.17187,-27.365
13.3,-0.14177,0.17343,-0.095628,-0.96633,-0.15438,0.043282,0.019271,0.86779,32.66,0.1625,-39.37,1.8254,5.7006,0.83038,-24.786,-0.14534,0.18942,-0.07099,-0.9749,-0.15248,0.04451,0.030839,-0.33418,33.665,0.89506,-38.782,1.0654,6.4477,1.057,-26.873
13.4,-0.15367,0.16859,-0.087055,-0.98531,-0.13562,0.044738,0.028257,-1.2836,31.144,-0.65258,-40.758,1.3373,5.1274,0.81744,-20.815,-0.13738,0.18303,-0.084816,-0.96328,-0.1462,0.043642,0.033677,1.7092,31.971,-1.7487,-39.157,1.3475,6.2497,0.48385,-25.168
13.5,-0.13065,0.16811,-0.072233,-0.97504,-0.14897,0.051663,0.027755,1.3493,32.915,-0.61707,-40.085,1.6693,6.6067,1.7653,-20.651,-0.11349,0.16821,-0.099993,-0.96075,-0.14463,0.054364,0.028408,-1.4144,31.909,-1.6624,-40.722,1.1924,7.0577,-0.28216,-25.057
13.6,-0.12714,0.15475,-0.06128,-0.99973,-0.14146,0.061869,0.021812,0.042997,32.424,0.013634,-40.085,1.5235,6.5585,1.4512,-23.338,-0.11364,0.17503,-0.077601,-0.96941,-0.14711,0.055441,0.023694,-1.0816,29.698,-0.7855,-39.485,0.32761,7.406,0.065551,-23.861
13.7,-0.10386,0.17082,-0.097479,-0.95985,-0.1421,0.062633,0.023029,-0.80667,32.731,-1.2785,-41.329,2.3516,6.4349,2.6083,-22.697,-0.1178,0.15319,-0.084363,-0.975,-0.15207,0.042951,0.031486,-1.3471,29.759,-0.31901,-38.945,-0.044576,5.1172,1.7886,-22.583
13.8,-0.098425,0.16689,-0.085644,-0.94584,-0.13152,0.061952,0.026522,-0.51238,31.716,-1.8926,-41.991,0.045073,6.95,0.93075,-20.185,-0.09957,0.18004,-0.078794,-0.97937,-0.13958,0.051151,0.022087,0.42791,30.756,-0.74622,-40.988,-0.0071439,5.6973,1.7484,-24.675
13.9,-0.10923,0.16542,-0.089426,-0.96208,-0.1373,0.067936,0.022201,-0.94757,30.408,-2.6114,-41.657,-0.63618,6.8554,1.556,-22.241,-0.095045,0.16114,-0.10047,-0.99137,-0.12994,0.059399,0.019187,-2.0116,30.736,-1.0715,-41.11,1.1644,7.924,1.3901,-24.04
14,-0.10678,0.14439,-0.081334,-1.0031,-0.13702,0.060588,0.018863,-1.0112,30.808,-0.89572,-41.441,2.0659,5.9714,-0.6113,-18.921,-0.091255,0.16132,-0.10557,-0.96846,-0.14422,0.060827,0.028787,2.0386,31.16,0.84151,-41.543,2.0255,8.0211,-0.3221,-24.597
14.1,-0.078935,0.15871,-0.061563,-0.97029,-0.1336,0.061084,0.012564,-2.2724,28.968,-1.5269,-40.728,3.0102,8.9969,-0.99423,-21.714,-0.091392,0.14145,-0.091107,-1.0186,-0.13876,0.060887,0.02361,-0.60442,29.729,-1.9946,-41.721,-0.17381,9.3292,-0.67261,-22.763
14.2,-0.060543,0.15924,-0.091953,-0.96557,-0.13302,0.060164,0.013037,-0.040856,28.738,-0.59793,-42.511,1.9312,7.7642,-0.72139,-20.785,-0.092929,0.14945,-0.084796,-0.97272,-0.12448,0.06177,0.022004,-0.62875,29.578,-0.051973,-43.952,-0.086773,10.188,0.57086,-25.729
14.3,-0.083216,0.15408,-0.064692,-0.96698,-0.12896,0.072185,0.017662,-2.4502,30.403,-0.92302,-41.581,2.133,8.8075,1.281,-20.708,-0.063059,0.13773,-0.078786,-0.98932,-0.13343,0.056144,0.026589,-1.4654,28.115,-0.183,-45.85,-0.267,8.6319,0.31862,-24.112
14.4,-0.069209,0.14341,-0.083176,-1.0009,-0.12939,0.07036,0.019496,0.46421,27.152,-0.81018,-43.468,0.13349,8.1623,-0.8435,-15.83,-0.064715,0.15814,-0.071383,-0.97379,-0.12169,0.062844,0.027946,0.82679,28.562,-1.6678,-44.632,0.41766,9.5253,0.81179,-22.72
14.5,-0.071358,0.13722,-0.098749,-0.99277,-0.11553,0.062902,0.0072317,-3.1869,28.637,-0.55958,-44.706,0.2611,10.325,-1.1131,-17.685,-0.0627,0.14832,-0.07093,-0.9756,-0.13089,0.063921,0.024203,-2.1787,28.311,-0.79949,-44.107,1.2951,8.5551,-0.24058,-23.143
14.6,-0.051715,0.14222,-0.093693,-0.98576,-0.1239,0.063919,0.0086104,-1.3224,29.274,0.14272,-44.879,1.157,10.172,0.42232,-18.395,-0.05386,0.15023,-0.086815,-0.97893,-0.13437,0.065832,0.024308,-2.0471,28.163,-0.2617,-44.184,1.3499,8.3458,-1.051,-23.202
14.7,-0.067503,0.1329,-0.082416,-0.99307,-0.13471,0.078594,0.0085828,-0.42163,26.068,-1.2808,-45.6,0.70644,8.3794,0.68479,-18.655,-0.039645,0.1383,-0.086025,-0.98063,-0.12311,0.067351,0.0101,-3.1034,26.262,-1.8084,-44.677,0.75069,9.1313,1.1744,-20.069
14.8,-0.027681,0.14484,-0.087076,-0.99572,-0.12622,0.069831,0.0084305,1.1665,27.197,-1.7376,-45.908,2.5411,10.669,0.65171,-16.32,-0.031385,0.13508,-0.085444,-0.97048,-0.12002,0.06694,0.017745,-0.70077,25.17,-0.73384,-45.888,0.76326,9.745,-0.84739,-21.78
14.9,-0.029329,0.14071,-0.087175,-0.98837,-0.12252,0.079836,0.010119,-2.5805,25.283,-1.672,-46.61,0.57777,8.9831,-1.1117,-16.586,-0.042872,0.1472,-0.094659,-0.9981,-0.11266,0.072742,0.02572,-0.8631,26.198,-1.0937,-47.265,1.718,8.9667,0.73734,-22.457
15,-0.031097,0.14424,-0.077328,-0.98383,-0.12304,0.082408,0.012334,-1.3074,25.852,-0.37116,-45.66,1.4929,9.8022,0.20639,-15.699,-0.033114,0.13802,-0.083854,-0.96616,-0.12577,0.070293,0.031154,-1.1817,24.462,-1.5656,-46.426,1.9804,11.254,1.3728,-21.158
15.1,-0.025191,0.12852,-0.074053,-0.9822,-0.11679,0.081564,0.0022864,-1.3111,26.123,-0.63113,-48.293,1.2051,9.7958,2.6582,-18.17,-0.0091634,0.12766,-0.081523,-0.97882,-0.1168,0.063975,0.013137,-0.30558,26.324,-0.99432,-47.343,1.5017,10.348,-0.7876,-20.484
15.2,-0.019178,0.12842,-0.060691,-0.99015,-0.11443,0.081293,0.010008,-0.36905,23.556,-0.99993,-47.34,-0.0046544,10.598,0.62241,-18.991,-0.015938,0.11392,-0.079194,-0.98247,-0.11767,0.064807,0.013627,0.06177,25.147,-2.8678,-46.707,2.6018,12.615,0.02716,-21.726
15.3,-0.022962,0.12544,-0.089507,-0.98866,-0.10288,0.072624,-0.0062648,-2.3996,24.893,-2.9574,-46.406,1.4862,11.294,0.65326,-16.988,-0.011243,0.14136,-0.086562,-1.0095,-0.10055,0.065857,0.0060628,-1.0566,21.567,-3.2584,-47.601,0.57757,9.8866,0.82995,-19.472
15.4,0.0083236,0.1182,-0.078332,-1.0148,-0.098541,0.08637,0.0047573,-2.2718,22.565,-1.3421,-49.746,0.18958,10.13,0.77012,-16.956,0.005998,0.12804,-0.10629,-0.99304,-0.10197,0.074391,0.005495,0.7917,22.349,-2.3485,-49.523,0.88136,12.278,0.53367,-20.465
15.5,0.0048505,0.11254,-0.098042,-1.0175,-0.098245,0.08631,0.0087693,-0.9302,21.921,-1.8919,-48.89,1.5881,11.655,1.9667,-16.333,0.017123,0.12466,-0.086397,-1.003,-0.10454,0.076158,0.012476,-0.42876,22.019,-0.53415,-48.322,0.97689,11.621,-0.33685,-19.986
15.6,-0.0080442,0.11819,-0.09856,-0.98289,-0.097937,0.080368,-0.0029801,-0.24204,22.432,-2.6297,-47.826,0.69766,12.746,1.8689,-15.652,0.0099449,0.11938,-0.077665,-0.98071,-0.11119,0.073301,0.009299,-3.7612,22.905,-1.5335,-48.078,-0.54511,9.9473,-0.28413,-19.157
15.7,0.018267,0.091702,-0.060819,-1.0132,-0.099124,0.082438,0.007128,0.51762,24.462,-0.91778,-48.17,0.087245,12.328,0.97154,-15.125,0.029705,0.11405,-0.080822,-1.0218,-0.11208,0.087297,0.011827,-1.5047,21.949,0.55814,-48.409,1.0316,13.412,-1.0122,-20.577
15.8,0.015564,0.096941,-0.07617,-1.0081,-0.10158,0.08363,-0.0042026,-2.771,20.87,-1.9611,-48.645,0.70143,12.217,0.43415,-13.406,0.026365,0.12156,-0.063944,-0.99282,-0.10217,0.082694,-0.0019903,0.20774,20.729,-1.5732,-49.511,1.7786,12.618,1.2492,-18.197
15.9,0.0247,0.10931,-0.086737,-0.99917,-0.092888,0.09091,-0.0025764,-1.438,20.661,1.5143,-50.473,1.0253,12.604,0.44616,-13.466,0.03622,0.119,-0.078832,-0.99913,-0.089795,0.08462,0.0076093,-1.9743,21.406,-1.8886,-51.091,1.5288,12.722,0.7275,-19.541
16,0.046003,0.096763,-0.083601,-0.98947,-0.095153,0.089449,-0.0020866,-1.7756,20.723,0.9714,-49.458,-0.6956,12.546,-1.292,-14.1,0.033807,0.10262,-0.069174,-0.98505,-0.10884,0.080912,0.004164,-0.74467,22.284,-2.4466,-49.848,0.92444,11.041,-0.9458,-21.499
16.1,0.036072,0.086246,-0.077678,-0.99909,-0.083916,0.082795,-0.0059571,-1.3339,19.878,0.68334,-48.862,-1.7751,12.94,-0.10483,-12.134,0.038968,0.097631,-0.092717,-0.99079,-0.097595,0.083548,0.0064401,-0.72669,20.502,-1.0298,-50.782,-0.13936,11.479,1.5475,-17.374
16.2,0.020628,0.078982,-0.063618,-1.001,-0.087277,0.087171,-0.0094979,-2.5527,20.857,-0.4189,-50.381,0.63962,14.532,0.041454,-13.294,0.054227,0.092431,-0.077098,-0.99513,-0.092802,0.085785,0.0048679,0.6161,21.221,-0.22501,-51.673,0.36302,13.681,1.2503,-18.02
16.3,0.029036,0.086296,-0.06175,-0.98878,-0.086783,0.086556,-0.0027948,-1.7248,19.795,-0.68603,-49.806,1.0438,13.011,-0.083933,-12.334,0.058928,0.10598,-0.076632,-0.98539,-0.095077,0.082834,0.0047199,-1.5823,18.169,-1.9567,-51.639,0.65226,13.721,0.50745,-17.986
16.4,0.05139,0.066309,-0.080979,-1.0047,-0.093742,0.10093,-0.014482,-0.60087,20.482,-0.56145,-49.714,0.69964,12.268,1.8984,-12.229,0.064177,0.093592,-0.089136,-0.99854,-0.095899,0.093387,0.004178,-3.0817,16.945,-1.3752,-51.71,2.5666,15.342,0.71831,-17.498
16.5,0.046134,0.077276,-0.065604,-1.0009,-0.081662,0.093271,-0.014288,0.050453,19.545,-0.60619,-50.704,1.5963,15.237,-1.4862,-12.192,0.059633,0.085469,-0.080994,-0.99944,-0.089701,0.091827,-0.0070179,-1.579,15.106,-0.33422,-52.054,0.30863,14.526,-0.041438,-17.033
16.6,0.065319,0.057261,-0.072161,-0.9992,-0.072313,0.089901,-0.0065701,-0.4135,16.748,1.3654,-49.26,1.5532,14.385,1.1963,-13.723,0.068013,0.086951,-0.085984,-0.98506,-0.086185,0.089541,-0.0026385,-0.72548,18.669,-1.0438,-51.012,0.29021,13.262,-0.75089,-18.264
16.7,0.059419,0.049395,-0.058452,-0.98219,-0.079286,0.088821,-0.015008,-1.5855,19.002,1.1569,-49.811,1.6641,15.369,1.5458,-12.938,0.077219,0.086125,-0.08629,-0.97669,-0.081334,0.09387,-0.0033767,-1.842,17.217,-0.79506,-51.411,1.4378,13.845,2.7803,-18.125
16.8,0.051764,0.056099,-0.070219,-0.98834,-0.084027,0.089005,-0.015903,0.23669,17.673,-0.27003,-49.682,1.9824,12.942,1.5082,-11.636,0.087388,0.075395,-0.077189,-0.98803,-0.081779,0.087231,-0.010729,-1.2834,17.423,-0.61865,-52.24,-0.77197,14.935,0.72186,-19.724
16.9,0.065553,0.057515,-0.062167,-0.98984,-0.072699,0.085889,-0.011582,0.19754,18.089,0.34926,-48.048,1.4535,16.023,1.6251,-14.662,0.089929,0.08234,-0.10051,-1.0071,-0.07789,0.094263,-0.0051189,-0.42895,17.894,0.63401,-52.542,-0.13126,14.559,2.4832,-18.231
17,0.070697,0.054915,-0.067845,-0.98459,-0.072896,0.088831,-0.016895,-1.6627,17.492,1.1277,-48.028,1.4218,15.229,0.15548,-12.146,0.088788,0.042616,-0.089857,-1.0036,-0.082221,0.093658,-0.0011483,-0.24834,15.327,-0.68366,-50.241,-1.1675,16.87,-0.08301,-15.044
17.1,0.069394,0.037408,-0.058648,-0.98838,-0.074632,0.084979,-0.023308,-0.26406,14.566,1.1927,-50.058,0.61404,15.406,2.1582,-9.8451,0.097092,0.049811,-0.083303,-0.99126,-0.087462,0.093922,-0.013968,-1.3667,15.397,0.18935,-51.494,0.99747,16.108,-0.18762,-16.301
17.2,0.090573,0.052203,-0.087029,-0.99395,-0.067504,0.081615,-0.0098394,-1.5185,13.169,1.2669,-49.324,-1.471,15.013,1.4906,-10.687,0.11174,0.069746,-0.069927,-0.99525,-0.078636,0.079982,-0.01408,-1.6661,16.149,-0.24434,-51.866,1.0637,16.088,-0.36372,-15.751
17.3,0.085171,0.059782,-0.06678,-1.0216,-0.066686,0.085398,-0.014583,-1.2882,16.472,1.0043,-49.208,1.6375,16.328,0.87176,-12.005,0.08995,0.045724,-0.0957,-0.98411,-0.075929,0.090424,-0.012621,-2.034,14.705,0.89562,-51.372,-0.15353,16.717,-0.49414,-16.134
17.4,0.10239,0.020331,-0.059535,-0.99915,-0.070575,0.089447,-0.026187,-0.40708,14.332,1.4868,-48.495,0.16756,15.753,1.2239,-9.6427,0.097028,0.061431,-0.085527,-0.97771,-0.0719,0.086471,-0.0047505,-0.98158,16.006,0.88928,-50.369,0.80143,14.168,-0.48189,-16.403
17.5,0.079349,0.028775,-0.068826,-0.98537,-0.060474,0.0913,-0.027144,-2.0163,15.605,0.65574,-47.471,-0.6811,15.395,0.49742,-8.4283,0.11202,0.050542,-0.074846,-0.98585,-0.067284,0.084459,-0.0089687,-1.5948,12.987,-0.10674,-50.991,1.3197,16.484,1.4132,-14.756
17.6,0.099199,0.037287,-0.062396,-0.98625,-0.05457,0.077,-0.020729,0.6651,13.081,1.4688,-47.76,0.60454,15.656,0.75601,-9.1211,0.089889,0.035149,-0.066274,-0.97482,-0.073572,0.085347,-0.02332,0.56527,14.009,2.8364,-49.157,1.3751,16.654,2.0996,-13.714
17.7,0.10264,-0.012663,-0.039022,-0.99838,-0.061171,0.082764,-0.021987,-0.39878,13.412,1.2493,-46.587,0.68683,16.087,0.39209,-7.2659,0.1178,0.050038,-0.051459,-1.0066,-0.074028,0.092768,-0.020214,-0.82988,10.806,-0.2016,-49.543,1.2787,15.826,0.16292,-14.443
17.8,0.10547,0.010091,-0.060977,-0.99133,-0.056245,0.087834,-0.02896,-1.3901,12.267,3.1283,-46.774,1.9017,18.562,-0.057249,-9.2034,0.10076,0.060849,-0.065643,-0.97079,-0.063121,0.093747,-0.024247,-1.421,12.907,0.28467,-49.676,1.1295,16.634,0.17981,-14.182
17.9,0.10597,0.0058453,-0.048302,-0.98837,-0.047527,0.082427,-0.029089,-2.7666,11.787,2.1867,-45.626,-0.49978,17.055,-1.388,-8.591,0.10565,0.013833,-0.066933,-0.99664,-0.057533,0.086447,-0.016993,-1.6217,11.558,0.78331,-50.165,-0.12035,17.318,-1.102,-12.334
18,0.135,0.014284,-0.058914,-0.99824,-0.047359,0.080443,-0.019854,-0.62993,13.202,1.4761,-45.566,-0.44885,19.637,-0.12829,-6.3414,0.119,0.027264,-0.061174,-0.99064,-0.06399,0.082195,-0.016736,-1.8617,9.9962,0.89365,-49.139,1.1134,17.343,0.14598,-13.477
18.1,0.10873,0.023194,-0.059309,-1.0068,-0.047541,0.085577,-0.021385,0.7533,13.154,-0.12662,-46.054,-0.76012,18.889,1.5356,-8.203,0.11319,0.017221,-0.064461,-0.99388,-0.058608,0.087592,-0.013459,-1.4336,11.563,0.51421,-47.308,0.28877,16.565,1.7165,-13.775
18.2,0.11596,0.027744,-0.04084,-0.99278,-0.054148,0.085238,-0.028321,-1.238,11.259,1.0429,-44.783,0.15432,15.281,0.18683,-8.1712,0.13419,0.033877,-0.073033,-0.98289,-0.050937,0.09263,-0.015538,-2.5331,11.321,-0.50917,-48.196,1.9477,17.355,-0.33393,-12.788
18.3,0.12564,-0.0089563,-0.03579,-0.98566,-0.039908,0.074093,-0.026793,-1.0956,10.453,0.74589,-42.312,0.64,17.196,1.4665,-6.4616,0.14154,0.019398,-0.05793,-0.98844,-0.043968,0.086183,-0.016412,-1.1106,12.02,1.4216,-50.237,2.3084,20.009,0.41648,-12.991
18.4,0.11709,-0.0032705,-0.037532,-0.98105,-0.035808,0.074553,-0.023889,-0.74511,8.4095,1.3104,-44.213,-1.6248,18.385,-0.018718,-7.3426,0.13569,0.013852,-0.06564,-0.9915,-0.048768,0.091149,-0.019414,-0.60638,10.344,-1.5293,-46.296,-0.32978,17.842,1.2176,-12.379
18.5,0.11629,0.001484,-0.036364,-0.97996,-0.034635,0.080022,-0.032679,-1.8209,11.496,-0.45508,-44.222,0.54527,19.042,-0.015855,-5.4342,0.14084,0.011922,-0.044943,-1.0025,-0.045911,0.074854,-0.026138,-1.431,8.7125,1.8392,-47.545,2.5659,18.877,1.8495,-14.503
18.6,0.12479,-0.015634,-0.051253,-1.0056,-0.026703,0.085349,-0.032888,-1.4293,10.379,0.82251,-42.387,-1.1805,16.727,0.92649,-5.1918,0.11623,-0.0068524,-0.049842,-0.98339,-0.047561,0.084284,-0.019309,-1.2769,7.273,1.3393,-46.536,1.4228,18.164,0.13478,-11.629
18.7,0.11778,-0.0099794,-0.053658,-1.0013,-0.047573,0.074868,-0.023376,-0.63746,9.4064,1.2221,-43.689,-1.4334,17.364,-1.0716,-6.3178,0.14085,0.008934,-0.05273,-0.98126,-0.048449,0.072873,-0.033448,-0.29548,7.3812,0.9775,-46.561,1.1016,20.053,-0.1376,-13.12
18.8,0.11381,-0.018788,-0.043343,-0.99942,-0.028122,0.079714,-0.039155,-2.915,9.9623,0.47486,-42.876,-1.1699,18.459,0.59635,-5.1562,0.14651,-1.8952e-05,-0.05893,-0.97054,-0.038593,0.086479,-0.025595,-0.29209,6.8735,1.1078,-45.797,2.1623,20.48,2.072,-13.248
18.9,0.12457,-0.038642,-0.047999,-0.99112,-0.033074,0.086303,-0.040209,-1.9374,7.0214,0.0326,-45.35,-0.33482,19.288,-0.038924,-5.472,0.1516,-0.014541,-0.03945,-0.97699,-0.041147,0.071526,-0.024404,-0.21375,6.7307,0.74999,-46.616,-0.65613,17.189,2.7634,-13.19
19,0.13441,-0.014228,-0.013876,-0.98861,-0.032942,0.083754,-0.038442,-2.034,6.808,2.3684,-42.057,0.89028,17.19,2.0278,-5.8517,0.15546,-0.019322,-0.05862,-0.99285,-0.036701,0.091622,-0.031732,-0.60119,7.3069,1.5143,-47.729,0.78593,18.378,0.27483,-10.533
19.1,0.12723,-0.038274,-0.026506,-0.99965,-0.031053,0.087672,-0.035149,-1.8091,7.0046,1.1839,-42.7,1.1708,18.903,0.039293,-5.6283,0.15066,-0.02004,-0.052782,-1.0038,-0.039363,0.085024,-0.032922,-1.4461,7.2872,-1.5339,-46.159,0.84369,21.019,1.1336,-11.436
19.2,0.12904,-0.043237,-0.027906,-0.99332,-0.029965,0.08093,-0.031502,-0.94107,7.1192,2.4181,-42.598,0.078343,17.882,0.46328,-3.0476,0.14308,-0.018231,-0.029983,-0.99139,-0.042269,0.076304,-0.02383,-0.5311,5.9991,0.80257,-46.922,-0.52961,19.85,0.019412,-11.152
19.3,0.12463,-0.053836,-0.032229,-0.99664,-0.022541,0.084189,-0.028674,-1.4159,6.01,1.0051,-43.837,0.039725,17.669,1.109,-2.7577,0.14781,-0.0094619,-0.056229,-0.99004,-0.042161,0.066723,-0.032392,-1.5225,6.0542,-1.3046,-42.498,0.94588,20.383,1.5565,-10.912
19.4,0.11689,-0.023509,-0.028615,-0.97526,-0.025969,0.076941,-0.022667,-2.0066,5.4447,-1.5235,-40.875,0.39584,18.67,1.7146,-4.503,0.16886,-0.018025,-0.038116,-1.0018,-0.034535,0.071111,-0.021926,0.76,3.9078,0.84925,-44.997,2.1099,20.895,1.1948,-10.277
19.5,0.13825,-0.043893,-0.012364,-0.96846,-0.017961,0.073636,-0.031015,0.71624,4.787,-0.12983,-41.883,-1.1017,17.241,0.49266,-3.0794,0.15287,-0.042716,-0.041227,-0.97732,-0.03008,0.080732,-0.024591,0.56296,4.1993,0.79551,-42.375,-0.16858,20.985,-0.23345,-9.5942
19.6,0.13699,-0.073036,-0.026259,-0.99126,-0.018946,0.080177,-0.031809,-1.9479,3.25,-0.76995,-40.681,-2.3034,14.206,-0.61804,-3.4305,0.15835,-0.051277,-0.038363,-1.0029,-0.031353,0.073648,-0.027641,-0.49464,5.1398,0.18624,-43.981,0.18338,20.023,2.4467,-8.2093
19.7,0.12884,-0.050956,-0.022005,-0.98698,-0.019699,0.076579,-0.035739,-1.5041,5.5273,-0.15313,-40.134,-0.34942,16.633,-0.6431,-3.3951,0.15039,-0.02362,-0.025033,-0.98022,-0.023821,0.068972,-0.040065,0.4733,3.9504,2.8657,-42.883,-1.5529,20.7,-0.47237,-10.473
19.8,0.13472,-0.050241,0.00015454,-0.99737,-0.015278,0.079758,-0.039389,-1.246,5.9889,-0.19936,-40.686,1.6982,14.61,1.9515,-4.4983,0.14751,-0.034176,-0.040838,-0.98514,-0.024195,0.084883,-0.034219,-3.0264,2.4232,-0.0041798,-43.185,-3.0059,21.236,-0.70613,-8.3246
19.9,0.13328,-0.043224,-0.02719,-0.98311,-0.011955,0.076588,-0.022232,-0.7349,4.4155,0.04488,-42.519,-0.61641,17.019,-0.4737,-3.4131,0.15926,-0.057301,-0.035263,-0.96249,-0.021896,0.075877,-0.02243,-1.8522,3.3845,1.2396,-44.107,-1.0551,19.998,1.412,-11.274
20,0.14366,-0.059201,-0.0078226,-0.96557,-0.022604,0.074179,-0.028259,-1.3146,5.188,1.4536,-40.913,-0.28139,16.071,-0.97056,-3.2949,0.15027,-0.045348,-0.028846,-0.98556,-0.020855,0.070464,-0.032029,-1.5654,2.7511,1.7705,-44.158,-2.2106,21.167,0.3913,-9.3973
20.1,0.12214,-0.073855,-0.0086436,-0.99543,-0.019792,0.078732,-0.031451,-2.4085,2.4939,2.1962,-38.148,-1.861,15.286,-1.2497,-4.1085,0.17264,-0.051994,-0.022053,-0.98903,-0.021706,0.076764,-0.032922,-1.3681,2.629,1.4379,-43.599,0.24546,19.153,3.1587,-8.0411
20.2,0.15364,-0.073735,0.0040215,-1.0123,-0.0095639,0.065255,-0.025391,-1.9794,3.5783,1.197,-39.542,1.3165,14.972,1.7678,-6.3647,0.18088,-0.053813,-0.014351,-0.99718,-0.013491,0.072804,-0.029108,0.13915,0.11815,-0.25093,-44.664,2.0193,21.205,0.9065,-7.6707
20.3,0.14065,-0.075922,-0.014926,-0.98453,-0.0036038,0.058259,-0.031375,0.51545,1.4319,0.22601,-36.323,-1.8984,14.606,-1.4956,-2.6157,0.18026,-0.04018,-0.020924,-0.97458,-0.0084836,0.073561,-0.032773,0.0010953,1.3175,2.4123,-42.945,-0.22673,18.312,-0.57527,-8.599
20.4,0.15996,-0.063694,-0.014134,-0.97144,-0.017871,0.073791,-0.022618,-2.2227,1.1162,3.802,-39.404,-0.3198,17.406,1.1652,-5.6719,0.16447,-0.057341,-0.0057903,-0.9865,-0.016499,0.079882,-0.029561,-0.38912,0.46409,2.225,-41.07,-2.6919,20.241,1.5259,-8.2445
20.5,0.1409,-0.098268,-0.014458,-0.99143,-0.0015331,0.06194,-0.036992,-1.1566,1.4988,-0.66211,-38.358,-1.7076,15.32,1.1715,-5.895,0.16328,-0.048293,-0.023281,-0.99659,-0.0013403,0.074312,-0.031439,-2.1565,0.00025589,0.54034,-40.696,0.85106,17.898,0.25691,-8.3076
20.6,0.14001,-0.097626,-0.0085657,-0.96713,-0.0031325,0.059947,-0.020311,-1.8694,0.51582,3.2426,-38.162,0.013066,16.011,-0.69066,-4.3169,0.18259,-0.059866,-0.0016576,-1.0027,-0.0031545,0.059293,-0.038503,0.71541,-0.24737,1.9824,-42.732,-1.9316,21.088,-0.26019,-7.117
20.7,0.15239,-0.085904,-0.011704,-0.97245,-0.011211,0.067183,-0.021472,-1.5414,1.835,0.98542,-38.307,-1.4038,16.137,-0.21581,-4.9133,0.19282,-0.068831,-0.027234,-0.9929,-0.0060328,0.080182,-0.031155,-0.94748,-1.4193,-0.77423,-39.176,-1.2204,18.681,-0.13738,-9.5088
20.8,0.16746,-0.083441,-0.0041928,-0.98088,-0.0025654,0.065803,-0.0204,-0.15279,-0.54031,0.65363,-37.519,-0.84188,14.68,-0.0036837,-5.4805,0.18059,-0.07291,0.0048826,-1.0016,-0.01569,0.062898,-0.028946,-1.0528,1.4741,1.9684,-41.242,0.40639,19.698,-0.52851,-8.3615
20.9,0.15064,-0.10576,-0.0056288,-0.99476,-0.0011588,0.064645,-0.019785,-2.0701,-0.69079,0.38765,-34.09,-0.28406,13.543,0.24077,-4.808,0.16357,-0.072364,-0.0081666,-0.97562,-0.0091363,0.059863,-0.031253,-2.2035,-1.8053,0.22941,-38.811,0.67241,17.988,0.10866,-7.1552
21,0.14837,-0.082233,0.0079394,-0.98447,0.006289,0.060711,-0.017716,-0.78997,-0.87444,1.7692,-36.69,-2.1893,15.691,0.15402,-6.2863,0.16853,-0.061448,-0.0013111,-0.99932,-0.010664,0.066885,-0.03261,0.083137,-2.4711,0.94714,-40.463,0.91586,17.356,-0.80178,-6.4162
21.1,0.13924,-0.11335,0.029364,-0.97022,0.0045943,0.055901,-0.016411,-1.7922,0.14505,1.7859,-36.07,1.1333,13.85,-0.10984,-6.7597,0.1721,-0.086162,-0.0045943,-0.98182,0.0091755,0.063172,-0.023633,-1.2652,-2.2969,0.53619,-39.19,-0.18843,18.677,0.16955,-7.0289
21.2,0.1414,-0.074531,-0.020089,-0.96581,-0.0090394,0.05518,-0.019518,-0.68607,-2.1476,1.1624,-35.738,-1.6137,12.843,-0.54872,-6.0989,0.16256,-0.079795,-1.5676e-06,-0.98367,0.0030503,0.056115,-0.024797,-1.8705,-2.5601,1.836,-39.558,0.34649,18.139,-0.57165,-7.4799
21.3,0.1494,-0.10796,0.0059284,-0.98894,0.0033626,0.052096,-0.015111,0.44957,-2.7661,-0.10478,-37.539,-1.9195,12.007,0.50856,-7.4143,0.17252,-0.070695,-0.014274,-0.97715,0.0021231,0.060575,-0.018457,-0.92599,-2.1095,0.081726,-38.198,-1.2892,16.278,1.0983,-9.5468
21.4,0.15818,-0.10137,0.0079545,-0.96548,-0.0038533,0.053231,-0.017937,-2.7241,-1.9327,-1.2796,-35.74,-0.0072446,13.507,-0.57845,-5.3065,0.16574,-0.084438,0.0061518,-0.9824,0.0021041,0.061817,-0.027126,-0.3301,-2.0161,0.86535,-40.038,-0.9339,16.535,0.64712,-8.5145
21.5,0.12835,-0.10929,0.0084399,-0.98072,-0.0061945,0.056286,-0.015041,-2.6342,-0.86844,-0.39407,-37.751,-0.53637,11.903,-0.85165,-7.2145,0.16795,-0.087269,-0.0074803,-0.98463,-0.0035701,0.06578,-0.026225,-0.25715,-2.3282,2.4085,-38.599,-3.4501,17.132,0.049096,-8.5877
21.6,0.14035,-0.099126,0.012112,-0.98538,0.005866,0.055828,-0.0054524,-0.13716,-1.3327,2.1299,-35.099,0.29783,12.811,-2.111,-7.6472,0.16723,-0.095989,0.00092261,-0.98384,0.0025009,0.048161,-0.032387,-0.77982,-2.8272,1.9357,-38.176,-1.0298,15.053,1.3306,-8.3463
21.7,0.16479,-0.12314,0.0040514,-0.97608,0.0017971,0.049948,-0.0029636,0.63051,-3.0212,-0.86765,-34.802,-1.115,11.557,-1.6729,-7.6065,0.19244,-0.074993,-0.010834,-0.98442,-0.0001196,0.062109,-0.021039,-0.1448,-3.033,1.5653,-36.663,-0.64076,14.91,-0.59641,-8.5022
21.8,0.14917,-0.12639,0.025095,-0.96777,-0.00037869,0.043369,-0.020484,-1.36,-3.4286,0.98756,-34.874,-2.502,10.359,-1.5244,-7.6126,0.17046,-0.12159,0.0016353,-0.98121,0.0031737,0.058469,-0.015734,-1.0842,-2.8772,0.50328,-38.082,-2.0729,17.337,-2.4607,-7.9644
21.9,0.1255,-0.10635,0.026569,-0.97937,0.0070086,0.044687,-0.011316,-1.1084,-3.6755,1.287,-33.309,-2.619,12.706,-0.95623,-8.0245,0.18308,-0.10552,0.002017,-0.98318,0.0002921,0.05099,-0.020175,-0.70528,-4.4355,0.15124,-38.344,-1.7732,14.718,-0.42059,-8.9577
22,0.14741,-0.11778,0.012077,-0.98606,0.0082523,0.047497,0.0037273,-1.4798,-3.5676,1.431,-33.779,0.60083,11.02,-0.13363,-8.3158,0.1734,-0.10565,-0.010881,-0.9788,0.0058854,0.056312,-0.017924,-0.97799,-4.1082,0.743,-36.097,-1.6825,14.141,0.23733,-8.3397
22.1,0.14225,-0.12203,0.012623,-1.001,0.021043,0.036453,-0.00041253,-1.1617,-5.3453,2.3159,-34.928,-2.8276,9.0342,-0.37478,-9.1048,0.17073,-0.091517,0.014108,-0.96907,0.017051,0.052218,-0.013107,-3.5546,-5.2236,1.3863,-35.245,0.1896,15.062,-0.38418,-8.7824
22.2,0.14244,-0.12583,0.015055,-0.97458,0.011301,0.04284,-0.0097204,-3.0545,-2.373,-0.83515,-32.108,-0.75589,10.063,-0.22846,-7.6423,0.18769,-0.095628,0.00069509,-0.98381,0.017386,0.053638,-0.014574,-1.1737,-5.6092,2.6802,-36.317,-0.26955,16.177,-2.8639,-9.9953
22.3,0.14034,-0.12158,0.014952,-0.98681,0.0040486,0.050996,-0.0068145,-2.3875,-6.2403,-0.19288,-32.669,-1.1567,9.1924,-2.4229,-10.875,0.17608,-0.11917,0.021515,-0.97534,0.0099723,0.045198,-0.011886,-1.5024,-6.0064,0.72059,-36.418,-2.8665,15.964,-0.71071,-8.9759
22.4,0.13972,-0.12796,0.0095256,-0.97629,0.0092327,0.041989,0.00051121,-1.1625,-6.3137,0.63885,-30.86,-0.20467,7.3878,-1.0934,-10.745,0.16766,-0.092049,0.011685,-0.97796,0.014107,0.045582,-0.022808,-1.8503,-6.3182,1.0731,-35.117,-1.5165,14.698,0.055681,-9.8366
22.5,0.13613,-0.12899,0.014868,-0.98116,0.01865,0.034978,0.0020168,-1.2301,-7.0472,0.25012,-30.406,-1.7655,9.3132,-1.3168,-9.8978,0.18295,-0.12025,0.027417,-0.97576,0.016229,0.045356,-0.0068279,-1.018,-6.8074,2.1941,-34.791,0.92382,15.078,-1.409,-10.448
22.6,0.14229,-0.12669,0.012519,-0.99047,0.013699,0.033318,0.001236,-0.90314,-7.3268,-0.27484,-33.711,0.80518,8.8818,-1.1988,-9.3138,0.16751,-0.12575,0.0078119,-0.97205,0.019778,0.04012,-0.012633,-2.0261,-6.4918,0.081011,-34.769,-1.2194,14.653,-0.74554,-10.892
22.7,0.12592,-0.12539,0.019545,-0.98804,0.013357,0.036467,-0.0034464,-1.1009,-7.6451,1.3098,-32.032,0.87724,8.7421,-0.24896,-10.762,0.15983,-0.12741,0.011132,-0.99562,0.019843,0.046237,-0.0064451,-0.99887,-7.313,1.986,-35.177,-0.90106,13.175,1.689,-11.862
22.8,0.12409,-0.15496,0.013726,-0.97322,0.0079812,0.029737,0.0023704,-1.9304,-6.6266,0.49669,-31.298,0.76649,7.5969,-0.42874,-8.8402,0.17158,-0.12751,0.010765,-0.97557,0.01316,0.044027,-0.0063123,-0.29077,-8.474,-0.066346,-33.83,-1.53,10.447,-0.2019,-11.534
22.9,0.12149,-0.13095,0.023134,-0.99924,0.0037124,0.029499,-0.0038742,-1.2673,-7.749,2.6465,-31.329,0.72406,8.5045,1.3251,-9.8534,0.17209,-0.10239,0.014674,-0.96546,0.017718,0.042589,-0.0015455,1.2391,-5.7657,2.3335,-36.056,-2.1847,11.16,-1.8717,-10.871
23,0.1455,-0.13363,0.014087,-0.96782,0.019746,0.031372,0.0040611,-1.731,-7.6858,0.70211,-30.135,-0.89792,8.8105,-0.087256,-11.137,0.17488,-0.12536,0.020582,-0.9862,0.0085609,0.039644,-0.011108,-1.6801,-9.0267,0.17186,-33.966,-1.4217,12.912,1.5539,-10.809
23.1,0.13362,-0.14213,0.024607,-0.96071,0.013033,0.029886,0.0084087,-1.6814,-7.556,1.4999,-31.002,1.5806,10.011,-0.93816,-10.618,0.15808,-0.11605,0.0067422,-0.97603,0.0097152,0.031827,-0.004843,-1.9035,-8.9581,1.8687,-35.217,-1.1642,12.684,-1.8211,-10.646
23.2,0.13708,-0.1144,0.0091658,-0.99472,0.014692,0.020858,0.0001183,-3.067,-9.2854,-0.4354,-30.437,-0.75499,7.2697,0.80475,-11.77,0.17168,-0.13806,0.024392,-0.97731,0.012552,0.032953,-0.00081744,-2.117,-8.5228,0.36305,-31.999,-0.59747,11.87,-0.18121,-10.669
23.3,0.13219,-0.14503,0.0059406,-0.97625,0.012272,0.023186,0.012195,0.85585,-8.7244,-0.72477,-30.666,0.42929,8.5081,-1.1293,-12.35,0.17457,-0.13516,0.031711,-0.96425,0.01324,0.027836,-0.0026175,-0.35425,-10.615,-0.188,-32.717,-0.48795,11.114,-2.6073,-12.98
23.4,0.14361,-0.13657,0.017991,-0.98338,0.025371,0.031045,0.0048413,-2.6203,-9.6279,0.70163,-30.806,-0.67192,7.0267,1.1704,-10.386,0.1804,-0.13587,0.029524,-0.95671,0.013673,0.034919,0.0068502,-2.3356,-10.263,0.36864,-32.784,0.81129,12.193,-1.1121,-12.091
23.5,0.13634,-0.15881,0.027685,-0.97196,0.0095038,0.031322,0.011039,-0.025803,-10.52,3.2338,-28.75,0.76785,5.9297,-1.5322,-12.249,0.15747,-0.11914,0.020122,-0.98606,0.023188,0.034362,-0.0048862,-2.5498,-9.7678,0.70725,-31.519,0.50487,11.475,-1.3602,-11.923
23.6,0.12918,-0.15749,0.0084268,-0.98356,0.029912,0.017749,0.0092937,-1.0408,-10.011,2.6246,-28.893,-0.14523,8.5585,-1.4421,-13.254,0.17658,-0.15401,0.022921,-0.98235,0.015754,0.029807,0.0011324,-0.3843,-12.089,-0.20421,-33.02,-1.1445,11.129,-0.93425,-12.832
23.7,0.13086,-0.13836,0.0147,-0.9719,0.014978,0.023263,0.0069548,-0.49901,-11.043,1.2714,-25.838,1.081,6.3271,-0.74686,-14.151,0.17268,-0.14452,0.024727,-0.96226,0.022954,0.020209,-0.0010708,-1.5813,-13.783,-0.73214,-33.126,-1.1666,9.6995,-1.8643,-12.937
23.8,0.11926,-0.13385,0.0088864,-0.9736,0.026068,0.0052474,0.0066145,-1.9572,-11.663,0.24394,-26.692,2.1336,5.1065,-1.2507,-12.871,0.17293,-0.12967,0.020848,-0.97114,0.014896,0.0287,-0.0025307,-1.8338,-11.146,0.16251,-31.256,-2.7892,11.211,-1.7732,-13.976
23.9,0.12986,-0.16052,0.0073649,-0.97873,0.023105,0.014729,0.013655,-0.043745,-11.395,1.0221,-27.154,-0.99416,6.0792,-0.82558,-13.534,0.1813,-0.13368,0.019268,-0.97497,0.02799,0.022635,0.0049576,-1.3115,-12.244,-0.76855,-30,-1.1542,9.5985,-1.3406,-12.831
24,0.14121,-0.1554,0.010751,-0.98387,0.023854,0.016597,0.015727,-1.8096,-12.059,2.8087,-27.417,-0.09904,7.7638,-0.82904,-14.092,0.15837,-0.13763,0.0325,-0.97699,0.024565,0.019777,0.007727,-1.4073,-12.86,1.3235,-29.589,-0.95565,9.1492,0.81464,-12.579
24.1,0.12807,-0.13719,0.02984,-0.9803,0.024441,0.004748,0.0071507,-1.4458,-13.843,1.2781,-26.389,-0.83939,7.5387,-0.81106,-16.048,0.1626,-0.1442,0.028782,-0.983,0.02732,0.019212,0.0075311,-2.8576,-12.273,2.5523,-31.021,-1.7223,8.756,-1.3853,-15.406
24.2,0.13796,-0.15478,0.0019561,-0.99573,0.016604,0.0061768,0.026667,-3.8682,-11.466,1.6783,-26.422,-0.070335,5.5707,-1.3396,-12.194,0.13987,-0.14835,0.013798,-0.96578,0.028786,0.025131,0.010495,-1.9739,-13.502,-0.0058353,-30.43,-0.68371,9.7944,-0.55071,-17.192
24.3,0.11879,-0.13893,-0.0084303,-0.97256,0.025627,0.0096618,0.016799,-1.969,-11.599,-0.34382,-27.644,-0.28007,5.8604,-0.77658,-17.215,0.17112,-0.1448,0.037815,-0.98228,0.025512,0.011515,0.0066061,-1.5607,-11.615,0.018785,-29.118,-1.2292,8.3512,-1.0402,-16.05
24.4,0.1253,-0.16035,0.0075292,-0.96049,0.025734,0.014803,0.015757,-0.78458,-13.388,0.19415,-24.035,-2.3279,6.0368,-0.4791,-16.649,0.16396,-0.14217,0.020255,-0.98389,0.017279,0.015516,0.0088012,-0.43271,-13.76,0.067483,-28.545,-0.0087406,9.2314,-0.90295,-16.112
24.5,0.11258,-0.15991,0.008764,-0.96673,0.026441,0.00074517,0.019079,-0.20011,-13.465,1.446,-25.945,-0.70686,4.489,-0.8239,-17.809,0.16153,-0.14713,0.015952,-0.9778,0.015774,0.012627,0.00048808,-0.042117,-14.275,0.10506,-30.374,-1.1438,8.7839,-2.1083,-16.782
24.6,0.10896,-0.17044,0.023491,-0.98326,0.026217,0.012662,0.022099,-0.81593,-13.231,0.69381,-23.841,0.84398,5.2861,-1.9813,-16.701,0.1541,-0.16154,0.030178,-0.98411,0.033598,0.020213,0.015043,-1.4709,-15.012,-1.2019,-27.633,-0.56171,8.7501,-0.61689,-15.509
24.7,0.11889,-0.1447,0.020729,-0.98465,0.022798,3.5535e-05,0.022283,-3.1519,-14.898,0.015739,-23.956,0.67909,6.2316,-0.49721,-17.034,0.14693,-0.15488,0.031617,-0.98825,0.03518,0.0070972,0.0063836,-0.11002,-14.576,1.1595,-28.436,-1.4826,7.7416,-0.33728,-18.08
24.8,0.10593,-0.1616,0.014859,-0.97095,0.030617,-0.0044901,0.025788,-1.3711,-14.912,0.73096,-24.936,-1.5024,7.0588,-0.4216,-17.71,0.15095,-0.13404,0.015623,-0.96254,0.022334,0.020644,0.018706,-2.0398,-15.985,-1.5624,-27.311,0.14874,9.5616,-0.87194,-17.028
24.9,0.1162,-0.1378,0.019667,-0.9706,0.027538,-0.001781,0.025163,0.21143,-16.025,-0.50788,-25.094,0.15853,6.0602,-0.75408,-19.991,0.1406,-0.14434,0.025787,-0.96288,0.02923,0.0088071,0.02152,-0.75831,-15.825,0.24991,-27.544,-2.0876,6.7706,-2.3777,-18.899
25,0.1238,-0.13825,0.0017814,-0.98886,0.029235,0.00030691,0.029287,-1.6495,-15.735,1.7586,-23.437,1.6678,6.4342,-0.98132,-18.009,0.15366,-0.15517,0.0016927,-0.97781,0.027135,0.012309,0.013827,-2.5908,-17.259,0.94085,-27.599,0.79246,9.9162,-1.4928,-19.082
25.1,0.10153,-0.15573,0.017823,-0.99469,0.032334,0.009031,0.019711,-0.93611,-16.517,-0.15031,-23.27,0.15325,4.6712,-0.75312,-18.73,0.14855,-0.14574,0.017022,-0.98976,0.024956,0.020575,0.022608,-0.63752,-17.325,0.41252,-27.421,-2.4457,8.1807,-1.2373,-17.427
25.2,0.11229,-0.15809,0.017048,-0.98616,0.033297,0.0089868,0.031733,-2.2201,-18.046,0.8138,-24.071,1.1303,5.6638,-0.41028,-17.734,0.13306,-0.14875,0.013384,-0.99175,0.042704,0.001904,0.023998,-0.45524,-17.958,0.054895,-26.902,-0.92504,9.4794,-0.42839,-16.924
25.3,0.084112,-0.1563,0.0084474,-0.97563,0.019091,0.0047083,0.031589,-1.1694,-16.992,0.44731,-23.768,-0.7001,5.0705,-0.9207,-17.58,0.15641,-0.12715,0.01891,-0.97294,0.03736,0.012419,0.013805,-1.8073,-17.087,3.0876,-24.194,-1.5031,8.5892,0.42185,-18.812
25.4,0.093543,-0.16058,0.015736,-0.98377,0.026378,-0.015955,0.029355,-0.2678,-15.54,0.36919,-25.36,-0.084048,5.071,0.49767,-20.1,0.15446,-0.15479,0.012005,-0.96437,0.02691,0.0040472,0.015926,-0.48662,-17.673,-0.3215,-25.122,-1.2294,7.5644,-2.6888,-18.379
25.5,0.094098,-0.15175,0.011035,-0.99349,0.033447,-0.0049627,0.025114,-1.0998,-17.46,0.64194,-21.731,2.4801,6.4669,-0.73678,-19.916,0.12893,-0.15436,0.045904,-0.98927,0.039875,0.0031989,0.018725,-0.46042,-19.032,0.97203,-24.607,1.9989,8.7272,-2.9067,-19.5
25.6,0.099285,-0.13693,-0.0012085,-0.97823,0.038155,-0.0074826,0.019329,-3.1126,-18.387,0.20658,-21.548,1.1765,6.6978,0.25883,-19.117,0.13743,-0.14331,0.026881,-0.99199,0.027481,0.0034772,0.020161,-1.6433,-19.172,1.7239,-25.794,-1.4361,6.319,-1.4059,-18.764
25.7,0.091617,-0.15668,0.014407,-0.98411,0.036153,-0.0076022,0.024204,0.44417,-19.39,2.8797,-21.496,-0.37367,5.7378,-1.6835,-19.819,0.13047,-0.15487,0.021976,-0.97078,0.031261,-0.0047739,0.022012,-0.29203,-17.903,0.21992,-26.026,1.1121,8.3763,-0.04773,-21.266
25.8,0.099167,-0.17231,0.0014951,-0.97977,0.033326,-0.0039285,0.02805,-0.62268,-19.323,2.1147,-23.217,-0.25605,7.1222,-1.1124,-20.122,0.13029,-0.15218,0.020439,-0.98687,0.029653,-0.002022,0.020068,-2.714,-21.275,2.4192,-25.081,0.92453,7.9644,-1.9717,-21.23
25.9,0.070545,-0.16423,-0.0059433,-0.96733,0.036979,-0.012608,0.026799,-2.6879,-17.683,0.10937,-21.1,1.8072,5.3083,-2.3337,-19.48,0.13529,-0.15368,0.018908,-0.99391,0.025631,-0.0071432,0.025457,-0.94881,-18.868,1.1531,-24.502,-0.4864,6.9449,0.65338,-19.3
26,0.10388,-0.15017,0.012979,-0.98733,0.038053,-0.018695,0.025117,-2.5121,-20.056,0.76255,-21.896,-0.73059,6.0105,-2.4018,-22.482,0.12336,-0.14908,0.0016685,-0.96125,0.037888,-0.0027812,0.01941,-2.5337,-18.659,-0.11148,-23.63,0.1924,6.8997,0.47017,-19.895
26.1,0.085474,-0.16309,0.022858,-0.97259,0.035843,-0.017576,0.034129,-0.68235,-21.396,0.30499,-19.237,0.83994,6.8377,-0.51283,-21.442,0.13324,-0.16646,0.0015132,-1.0028,0.03686,-0.01249,0.025792,0.085783,-20.752,0.68191,-24.531,0.54963,7.827,-0.68588,-20.778
26.2,0.067891,-0.16219,-0.015781,-0.98621,0.048759,-0.012899,0.027555,0.74398,-20.144,0.50416,-21.774,0.265,7.5693,-1.9032,-20.614,0.1091,-0.16144,0.0016979,-0.97601,0.039179,-0.0091211,0.032963,-1.5578,-20.77,1.1012,-24.715,-0.11802,9.8562,0.16259,-19.715
26.3,0.092498,-0.14714,0.0082623,-0.97989,0.034091,-0.024613,0.024491,-1.2452,-20.863,2.5193,-19.033,-0.10675,7.9815,-2.0451,-20.488,0.11321,-0.14482,0.026494,-0.97329,0.034513,-0.010677,0.020291,-2.4702,-22.053,0.56377,-23.459,0.30428,8.2354,0.60635,-20.845
26.4,0.086106,-0.15992,0.0071457,-0.9858,0.036903,-0.015614,0.025487,-0.89262,-19.418,1.7859,-18.289,1.5941,7.3442,-2.947,-22.603,0.11553,-0.14814,0.011488,-0.96691,0.050748,-0.009494,0.035946,-1.4467,-22.24,1.0946,-22.075,0.62858,7.356,-1.0656,-23.844
26.5,0.079258,-0.13514,-0.0013584,-0.99626,0.039935,-0.023176,0.030524,-2.0464,-21.589,-0.24352,-20.019,-0.78635,10.03,-2.7437,-22.324,0.1227,-0.14398,0.011149,-0.97654,0.040798,-0.014229,0.024368,-1.1118,-21.514,1.448,-23.913,0.44937,7.6228,-1.6372,-21.736
26.6,0.084423,-0.15215,-0.0031846,-0.98906,0.034722,-0.021214,0.023424,-1.6748,-22.004,1.0128,-18.487,-0.28576,6.1236,-0.54366,-22.011,0.12583,-0.13926,0.0036553,-0.96451,0.050372,-0.017106,0.01631,-0.70467,-23.011,0.63258,-22.489,-0.29712,8.3422,0.44073,-23.325
26.7,0.07381,-0.12677,-0.011979,-0.9841,0.040279,-0.028082,0.020901,-0.8362,-24.08,0.92266,-19.109,0.31719,8.707,-1.6982,-23.845,0.12019,-0.14393,0.0052496,-0.98178,0.042203,-0.018184,0.028257,-1.033,-23.508,0.99752,-22.175,0.30507,6.4354,1.1714,-23.15
26.8,0.081556,-0.14752,-0.020051,-0.99822,0.039856,-0.028762,0.023206,-1.6459,-24.695,0.13358,-18.367,0.65897,9.1757,-1.3708,-23.675,0.10567,-0.13621,-0.002447,-0.99454,0.047347,-0.013209,0.025022,-2.3662,-24.491,0.32077,-21.982,0.86297,8.232,-1.2696,-23.25
26.9,0.070935,-0.14949,-0.012324,-0.99282,0.042584,-0.036498,0.020666,-0.20728,-23.795,0.092258,-19.002,1.7124,8.9439,-2.5212,-26.553,0.092739,-0.15771,0.0032743,-0.96998,0.040704,-0.01901,0.026904,1.3885,-23.411,1.1762,-21.198,0.98254,9.3338,-2.3947,-23.665
27,0.061094,-0.14297,0.002218,-0.98071,0.054023,-0.032598,0.02748,-1.9417,-24.663,0.95481,-19.247,1.2584,10.027,-1.8271,-24.868,0.103,-0.12778,0.011981,-0.98307,0.054058,-0.020558,0.026388,-0.87511,-24.797,0.96372,-20.297,1.8312,9.0669,-0.19913,-25.513
27.1,0.07068,-0.13659,-0.011683,-0.98457,0.040994,-0.034466,0.015074,-1.1493,-23.478,-0.29222,-17.411,0.81405,10.11,-1.3705,-24.173,0.1205,-0.15679,0.0019157,-0.96544,0.050293,-0.025088,0.027615,-1.7731,-24.375,1.3585,-20.377,0.075437,7.9137,-0.8785,-25.368
27.2,0.050436,-0.15241,-0.010291,-0.9757,0.052445,-0.0317,0.030273,-2.3804,-24.243,2.2806,-17.684,-0.17716,10.315,-2.2372,-26.804,0.10747,-0.13869,-0.013572,-0.98868,0.047304,-0.024202,0.017345,-2.5875,-24.606,2.0627,-20.338,0.72739,7.944,-1.5436,-24.545
27.3,0.061369,-0.14097,-0.014498,-0.98524,0.048827,-0.035107,0.025677,-2.963,-23.251,-0.19367,-16.696,0.16742,8.8455,-0.61017,-25.449,0.093056,-0.13874,0.0075684,-1.0064,0.048529,-0.019537,0.023313,1.0822,-27.654,0.95223,-19.422,-1.7145,9.15,-0.38534,-25.071
27.4,0.064484,-0.13541,-0.02891,-0.96923,0.047163,-0.03586,0.024976,-1.9025,-24.345,-0.0094207,-15.871,1.5895,9.5375,-1.5665,-24.963,0.096995,-0.14658,0.0038047,-0.97972,0.05087,-0.030824,0.030855,-2.397,-23.878,0.18869,-20.159,1.1554,11.106,-0.88578,-25.495
27.5,0.059699,-0.14957,-0.027437,-0.99899,0.051215,-0.038625,0.028433,-1.5907,-24.974,2.0203,-14.592,1.4538,10.077,0.076639,-25.18,0.087978,-0.1338,-0.0038219,-0.99103,0.0612,-0.030113,0.024114,-1.4434,-24.287,0.27013,-18.486,0.16796,8.187,-1.0271,-25.42
27.6,0.054726,-0.15419,-0.026332,-0.99397,0.048658,-0.043946,0.026449,-0.70501,-24.48,1.1211,-14.916,0.14742,11.079,-2.3413,-27.551,0.090127,-0.13649,0.0089596,-0.97648,0.04206,-0.034679,0.025441,-0.91599,-25.534,-1.2359,-17.448,0.46184,10.009,-0.82141,-24.175
27.7,0.056766,-0.1393,-0.022508,-0.98155,0.045901,-0.044017,0.032406,-0.0075451,-26.649,0.072042,-13.733,0.097643,10.389,0.23768,-24.681,0.09197,-0.14879,0.0048427,-1.004,0.048601,-0.033688,0.032679,-0.4797,-25.664,0.70462,-16.898,-1.1894,9.8809,0.44561,-26.858
27.8,0.056264,-0.13851,-0.015406,-0.98885,0.047203,-0.027417,0.028528,-0.43885,-24.953,-0.37503,-15.175,-0.7454,11.92,-3.1661,-26.869,0.068116,-0.13103,-0.0090592,-0.99081,0.049398,-0.03812,0.025136,-1.7579,-27.91,-1.1655,-16.804,1.96,12.895,-0.71985,-26.629
27.9,0.044651,-0.11219,-0.0034357,-0.99453,0.046787,-0.036,0.022723,-1.3339,-26.868,1.0783,-14.696,2.149,13.594,1.4607,-26.75,0.083097,-0.13573,-0.032673,-0.99485,0.061477,-0.031865,0.022328,0.24796,-29.094,0.47756,-19.044,2.4416,11.904,-0.5935,-26.24
28,0.062665,-0.10793,-0.024181,-0.98629,0.048192,-0.039312,0.028181,-0.2471,-24.827,1.9423,-13.736,1.4067,11.306,-0.8626,-26.903,0.081369,-0.13144,-0.01616,-0.98818,0.06057,-0.029159,0.030044,-3.281,-27.077,2.1267,-17.285,-1.4889,11.865,1.0708,-29.587
28.1,0.050878,-0.11971,-0.01772,-0.98312,0.052454,-0.047624,0.02922,0.53641,-26.982,-1.1205,-14.976,0.29774,12.065,-1.2376,-26.494,0.081311,-0.12059,0.00050808,-0.97986,0.057975,-0.035102,0.025802,-0.37906,-27.893,0.3539,-17.412,1.6201,12.544,-0.60484,-27.009
28.2,0.037682,-0.13601,-0.029777,-1.0005,0.044002,-0.049888,0.030128,0.74916,-27.046,2.1894,-13.689,3.1464,11.042,0.69636,-27.222,0.084587,-0.13438,-0.012364,-1.005,0.058225,-0.037608,0.031616,-0.14389,-30.155,0.84666,-18.202,1.0499,11.576,-0.069214,-27.93
28.3,0.034015,-0.1247,-0.032743,-1.0044,0.043106,-0.052463,0.030105,-0.48491,-25.248,-0.21585,-14.838,0.23619,13.412,-1.4539,-28.153,0.073944,-0.11244,-0.035104,-0.98219,0.056117,-0.045095,0.033883,-1.1199,-29.346,-1.2889,-17.218,-0.35441,11.109,-0.7544,-28.502
28.4,0.03491,-0.11512,-0.046845,-1.0022,0.042696,-0.04857,0.025115,0.99988,-27.38,1.4412,-13.462,1.2799,13.373,0.41126,-27.209,0.058123,-0.11706,-0.022294,-0.99745,0.06158,-0.036628,0.02641,-0.4239,-30.953,0.73927,-16.274,0.39317,11.097,-0.45073,-26.652
28.5,0.02898,-0.1111,-0.019438,-1.0031,0.039782,-0.052,0.028824,-0.14776,-25.43,0.023216,-12.289,1.3246,11.388,-0.28952,-28.11,0.052453,-0.13108,0.0062149,-0.99271,0.061072,-0.042895,0.022555,-0.99246,-29.239,-0.06217,-16.54,0.56303,10.7,-2.7343,-29.248
28.6,0.018548,-0.11891,-0.031501,-0.99505,0.039117,-0.045726,0.02533,-0.20328,-27.191,0.94954,-14.954,1.617,12.099,-0.24794,-28.025,0.059426,-0.12935,-0.017031,-0.97908,0.058981,-0.03895,0.035059,-0.014049,-30.603,0.13114,-15.588,2.1414,12.902,-0.0095945,-28.272
28.7,0.040885,-0.10175,-0.015096,-0.98349,0.042244,-0.052873,0.024631,-0.77102,-24.657,0.32386,-11.806,0.26034,14.114,0.38363,-25.675,0.071949,-0.11287,-0.025843,-0.98087,0.056399,-0.046921,0.030816,-2.3024,-29.442,0.46626,-15.112,-0.83516,12.551,-1.1617,-27.342
28.8,0.017859,-0.10554,-0.025967,-0.9997,0.04295,-0.052678,0.033124,-0.055556,-24.539,0.99584,-11.917,-0.14088,13.105,-2.517,-29.083,0.056701,-0.13761,-0.020719,-0.98869,0.064872,-0.04453,0.027893,2.5653,-29.973,1.6768,-16.947,0.11044,12.771,-2.2254,-29.169
28.9,0.02654,-0.11041,-0.026324,-0.98684,0.053283,-0.060245,0.030732,1.2435,-25.64,2.6695,-13.559,0.40701,14.583,0.5675,-29.779,0.057369,-0.12369,-0.016895,-1.0073,0.075672,-0.048332,0.013234,-0.75525,-29.202,-0.45046,-14.994,1.0758,14.641,-0.73095,-29.799
29,0.019311,-0.096221,-0.02939,-0.99397,0.045802,-0.051016,0.024739,0.96807,-23.372,2.4144,-11.017,0.25418,14.496,0.57847,-26.985,0.029077,-0.098112,-0.024227,-0.99386,0.060235,-0.047644,0.032277,-0.62696,-30.319,-1.0592,-13.735,1.9731,12.742,-1.5721,-28.755
29.1,0.012361,-0.10759,-0.030371,-0.98988,0.041213,-0.051728,0.021961,0.84687,-23.491,1.0654,-11.067,1.7957,14.216,1.103,-29.424,0.055143,-0.12098,-0.026205,-0.99554,0.050722,-0.056464,0.035427,0.46843,-28.838,0.27154,-13.866,1.1141,14.074,-1.1267,-28.683
29.2,0.020695,-0.099767,-0.023847,-1.0078,0.041652,-0.06041,0.020336,-0.97259,-22.209,0.45237,-11.707,0.41334,14.101,-0.86858,-27.951,0.047839,-0.09869,-0.013675,-1.004,0.059726,-0.053359,0.019848,0.036622,-30.275,-0.054209,-15.687,1.8934,12.96,-0.19997,-31.084
29.3,0.014816,-0.078506,-0.024603,-1.0017,0.03267,-0.058893,0.026048,0.0015795,-24.475,2.2516,-11.262,1.5654,15.584,-1.286,-27.599,0.038977,-0.098707,-0.017509,-1.0091,0.060407,-0.048922,0.027471,0.08802,-28.759,0.95494,-12.524,-0.048128,13.067,1.6157,-30.131
29.4,-0.011819,-0.090381,-0.0473,-1.008,0.043553,-0.062048,0.021694,0.23964,-23.448,1.6521,-9.786,0.68108,16.462,1.0095,-27.668,0.013561,-0.098755,-0.044024,-0.99097,0.057672,-0.05467,0.023534,-0.51625,-29.438,0.57485,-12.402,1.0052,15.148,2.2225,-31.753
29.5,0.0083719,-0.095619,-0.038308,-0.98963,0.039516,-0.063249,0.016284,2.7533,-22.394,0.72259,-9.5423,1.2755,15.319,1.2433,-28.442,0.034253,-0.10702,-0.024075,-1.0043,0.044797,-0.051202,0.018138,1.5547,-30.031,1.2667,-12.879,0.99851,14.647,0.18202,-29.331
29.6,-0.00046388,-0.072178,-0.036982,-0.99859,0.031588,-0.059706,0.012062,1.0368,-22.322,0.74769,-9.3374,1.0305,15.392,1.046,-27.593,0.02876,-0.10208,-0.019325,-0.99663,0.052714,-0.05002,0.029336,1.8573,-30.181,1.091,-13.978,-1.2865,14.75,-1.532,-30.256
29.7,0.0025491,-0.092769,-0.021388,-0.9959,0.041326,-0.076165,0.022281,3.3533,-22.572,0.31482,-8.3873,-0.20984,15.416,0.051404,-26.35,0.019723,-0.07174,-0.0092952,-1.0104,0.051391,-0.060474,0.031018,-0.33729,-28.795,-0.21737,-14.234,0.96177,15.275,-0.083685,-31.037
29.8,-0.0020674,-0.077214,-0.028964,-0.9877,0.028771,-0.065442,0.013307,0.67378,-22.386,0.37624,-7.8621,0.88673,16.18,0.64231,-26.903,0.026315,-0.085607,-0.043754,-0.99388,0.060306,-0.058446,0.026569,0.97894,-26.68,0.091007,-11.27,-0.35161,16.485,-0.52648,-30.793
29.9,0.0051254,-0.082855,-0.028868,-0.97592,0.03933,-0.066155,0.017622,-0.8365,-21.19,-0.028207,-7.7057,0.29253,15.812,0.8962,-28.114,0.018478,-0.089067,-0.040184,-1.0192,0.048455,-0.066491,0.020251,0.45408,-28.499,0.70711,-12.464,-0.026138,14.335,0.77719,-28.249
30,0.0053755,-0.0751,-0.056369,-1.0137,0.031203,-0.061574,0.014181,0.82802,-21.588,1.3287,-7.9686,1.1332,16.341,0.42444,-25.947,0.012717,-0.0836,-0.025951,-1.012,0.046568,-0.065633,0.023799,0.19757,-26.069,0.85281,-9.8809,0.019073,15.161,-0.52348,-32.257
30.1,-0.002987,-0.069427,-0.046176,-1.0095,0.026198,-0.069691,0.014421,1.6741,-22.686,1.6723,-7.3663,2.8303,17.059,0.88468,-25.042,0.0205,-0.087369,-0.026642,-0.99485,0.045028,-0.059377,0.023973,0.64074,-27.283,2.7339,-11.114,1.3992,15.047,-0.46321,-27.992
30.2,-0.013176,-0.074527,-0.039161,-0.98861,0.031744,-0.061681,0.014772,1.6298,-20.81,-0.40728,-6.3486,-3.3517,16.186,0.5539,-26.282,0.017437,-0.083782,-0.039,-1.0105,0.045145,-0.057381,0.025232,1.5934,-27.398,0.78484,-10.482,2.8098,18.178,0.37893,-28.895
30.3,0.0093462,-0.051991,-0.040011,-0.99985,0.027753,-0.06883,0.012498,0.64932,-19.954,-0.59977,-6.359,0.66837,19.019,1.3745,-25.436,0.012008,-0.084456,-0.010661,-0.99049,0.052504,-0.064419,0.019926,0.81344,-26.366,-0.028091,-11.055,1.1592,13.446,0.52936,-29.531
30.4,-0.0085307,-0.048293,-0.041598,-0.98641,0.028973,-0.068305,0.017182,1.1441,-19.679,-1.1614,-7.3265,1.8236,16.811,2.6646,-24.267,0.010853,-0.071238,-0.026843,-0.99006,0.048438,-0.064145,0.022548,3.2035,-27.182,-0.93749,-9.7262,0.24689,16.204,0.12369,-27.764
30.5,-0.0054853,-0.070368,-0.040889,-0.99738,0.035715,-0.062294,0.0045885,-0.018755,-20.306,-0.30207,-6.5951,0.80879,17.289,1.498,-24.115,0.0050464,-0.071872,-0.048921,-0.99909,0.05473,-0.068436,0.014857,-1.3498,-24.753,-0.23106,-9.1493,-0.055583,18.273,0.47575,-27.228
30.6,-0.0091428,-0.060388,-0.041664,-0.99734,0.034682,-0.068837,0.0087234,-0.043759,-17.567,0.22227,-7.5119,0.36658,17.555,2.0773,-24.752,0.0046815,-0.090917,-0.036874,-1.0103,0.049364,-0.063197,0.027631,2.0823,-23.976,-0.069904,-7.4241,1.145,17.367,0.22633,-28.093
30.7,0.00074505,-0.071376,-0.037765,-0.98933,0.030678,-0.054465,0.0098576,-0.57771,-21.436,0.26992,-6.4277,0.55425,17.726,2.3718,-25.233,0.021428,-0.05154,-0.024872,-0.99706,0.047109,-0.065153,0.012459,-0.38497,-24.479,0.12211,-9.7311,0.17877,18.511,0.27757,-28.803
30.8,-0.0051797,-0.066316,-0.064061,-1.0183,0.031657,-0.069231,0.011764,1.4743,-18.317,-0.75044,-7.3925,1.2723,19.297,0.41431,-23.192,0.0010272,-0.057772,-0.037833,-1.0012,0.037957,-0.061818,0.019458,1.6172,-25.479,0.97886,-9.2836,1.5184,18.615,-0.026448,-28.153
30.9,-0.025365,-0.040834,-0.030899,-1.0137,0.041726,-0.053352,0.0052641,1.0829,-18.794,-1.2019,-7.7495,-0.45669,19.292,1.8613,-23.411,-0.0048917,-0.051952,-0.028584,-0.9857,0.049708,-0.065198,0.01637,2.6388,-23.346,1.6048,-10.146,1.2791,18.075,2.1657,-26.758
31,-0.012683,-0.051814,-0.033999,-0.99001,0.029954,-0.066963,0.016438,0.16851,-17.529,-0.44379,-8.7944,0.85158,18.815,0.72543,-23.978,0.0030801,-0.057305,-0.042751,-1.0003,0.047112,-0.066216,0.01039,1.5207,-26.833,0.31249,-8.7458,0.39598,18.424,0.35821,-26.993
31.1,-0.01727,-0.045292,-0.05804,-0.99463,0.027778,-0.057791,0.0036905,0.78412,-19.208,-0.74748,-9.2834,2.5137,19.732,-0.67046,-25.029,-0.0040497,-0.049523,-0.041935,-1.0049,0.045492,-0.065196,0.011085,2.0555,-24.714,-0.74413,-7.0502,1.7952,18.39,-1.3164,-27.682
31.2,-0.015983,-0.036576,-0.035703,-1.0092,0.03496,-0.051798,0.00025456,1.2501,-15.877,-1.0717,-7.3779,2.3146,18.03,1.4244,-24.987,-0.011097,-0.049967,-0.029357,-1.0081,0.038874,-0.062734,0.0080122,0.4943,-23.358,-0.1993,-9.8035,0.74961,19.695,-2.3204,-25.456
31.3,-0.020768,-0.030496,-0.039476,-0.99992,0.030227,-0.057948,-0.0047082,1.2061,-18.134,-0.76068,-10.158,1.0548,20.511,0.14277,-21.873,-0.021999,-0.068886,-0.051945,-0.99876,0.053165,-0.05699,0.003742,-0.064584,-22.735,-1.5776,-9.3648,-0.54064,19.935,-0.73938,-25.879
31.4,-0.037215,-0.03535,-0.021193,-1.0015,0.029091,-0.048763,-0.00053487,1.9056,-18.044,-0.25567,-8.2682,2.0229,20.769,0.23859,-19.418,-0.013606,-0.053876,-0.043742,-1.0063,0.043059,-0.056868,0.0038059,-1.4609,-22.444,-1.5517,-9.3425,1.4536,19.334,1.1326,-26.84
31.5,-0.023629,-0.02874,-0.038084,-0.99678,0.02077,-0.062782,0.0046935,1.8587,-16.603,-1.4645,-10.198,0.69292,21.829,1.6808,-22.576,-0.025191,-0.0389,-0.024568,-0.98428,0.042314,-0.055511,0.0012684,-0.22425,-23.035,-0.23204,-9.5064,1.2274,19.89,0.33462,-26.411
31.6,-0.020761,-0.02839,-0.038628,-1.0101,0.030767,-0.055372,-0.0041499,1.2925,-16.114,-2.4537,-10.65,0.10435,21.276,0.55462,-21.57,-0.0068177,-0.037164,-0.049641,-0.99483,0.043472,-0.058899,0.0051145,1.9528,-21.883,-1.6143,-9.7571,-0.098309,20.687,-0.44894,-24.873
31.7,0.0054496,-0.041334,-0.027825,-1.0015,0.027087,-0.047351,0.0043247,0.36003,-15.826,-0.61854,-10.235,0.95659,20.559,0.12751,-22.156,-0.025467,-0.026535,-0.047192,-1.0078,0.042134,-0.048829,-0.00548,-0.12988,-21.944,-1.3494,-11.102,-0.27348,21.876,0.63964,-26.197
31.8,-0.028036,-0.014095,-0.025863,-1.0017,0.020119,-0.046419,0.0033655,0.82599,-17.326,-2.0422,-10.983,-0.18488,21.405,0.011445,-21.412,-0.034237,-0.031061,-0.04018,-1.0197,0.035771,-0.057347,-0.0051962,0.18318,-22.547,-1.7976,-11.473,1.2959,21.689,0.92456,-26.137
31.9,-0.025514,-0.016761,-0.049961,-1.0041,0.023006,-0.041285,-0.014989,1.2874,-14.437,-1.0145,-12.372,0.83237,21.575,-1.6441,-19.226,-0.013016,-0.022069,-0.048242,-1.0013,0.033085,-0.056563,-0.0044757,1.2465,-21.563,1.055,-12.419,0.88762,20.879,-1.2876,-22.489
32,-0.035525,-0.010228,-0.023566,-0.99442,0.019433,-0.052475,-0.0030168,1.246,-15.175,-2.5475,-10.515,1.5469,20.376,1.7648,-20.258,-0.036417,-0.03274,-0.029642,-1.0036,0.033634,-0.047885,0.0060264,2.1651,-21.082,-0.65007,-11.515,1.2413,19.903,-0.017995,-24.399
32.1,-0.043763,-0.028567,-0.054217,-1.0239,0.01845,-0.041598,-0.011985,2.4527,-15.07,-1.1057,-13.575,-0.31547,20.614,0.01174,-21.068,-0.022342,-0.031407,-0.040634,-0.99526,0.033386,-0.048092,0.0039148,2.9842,-20.578,-1.296,-12.571,1.3789,21.379,0.14982,-25.422
32.2,-0.016085,-0.0096873,-0.047969,-0.98683,0.031796,-0.052564,-0.0094689,1.6998,-14.977,-2.2714,-13.505,1.5279,21.857,-0.47496,-19.317,-0.020861,-0.046592,-0.037065,-1.0065,0.030638,-0.048815,-0.0029244,-0.84995,-20.084,-0.57577,-11.444,0.95782,21.072,-0.62233,-23.597
32.3,-0.051605,-0.0025683,-0.043336,-1.0041,0.022578,-0.047465,-0.011222,2.277,-13.348,-2.1539,-13.69,1.7655,23.619,0.32193,-19.878,-0.037301,-0.022418,-0.054704,-0.99131,0.041127,-0.047602,0.0012467,-1.9034,-19.885,-0.84093,-13.801,-0.41259,21.022,0.78535,-25.342
32.4,-0.029319,-0.012345,-0.048011,-0.99713,0.021234,-0.041737,-0.0036444,1.639,-13.036,-0.44813,-14.249,-0.44886,20.089,-0.73054,-19.106,-0.020945,-0.033467,-0.022043,-1.0051,0.038891,-0.044551,-0.003192,0.95196,-20.066,-0.42731,-12.663,-0.36165,23.534,-0.57754,-23.878
32.5,-0.035876,-0.025188,-0.034852,-0.99524,0.019824,-0.037636,-0.020351,0.43568,-14.809,-1.3622,-14.468,0.96,23.568,-0.52663,-19.3,-0.015512,-0.033848,-0.047856,-0.99601,0.036296,-0.045724,0.0074317,0.38025,-19.485,0.12202,-14.146,1.2153,21.449,1.9391,-24.528
32.6,-0.047495,-0.0055813,-0.043438,-0.99691,0.017275,-0.041046,-0.0029369,0.69799,-10.56,-0.71165,-13.539,-0.17997,21.191,-0.53948,-20.636,-0.032106,-0.031975,-0.035489,-0.99572,0.029454,-0.048542,-0.0093651,2.0383,-18.798,-1.6453,-13.152,-0.17204,23.701,0.842,-24.089
32.7,-0.031827,-0.011641,-0.040426,-1.0176,0.025539,-0.041109,-0.012614,0.60133,-13.009,-2.4667,-13.818,1.2141,22.544,0.85366,-19.557,-0.019474,-0.026948,-0.026617,-0.98803,0.027314,-0.046718,-0.0071578,-1.0628,-19.665,-1.8577,-14.185,1.6285,21.463,-0.98985,-24.504
32.8,-0.045717,-0.0064376,-0.039724,-0.99847,0.017631,-0.0423,-0.020967,1.451,-11.852,0.50761,-13.008,0.56979,24.43,-0.54644,-19.472,-0.032731,-0.0058336,-0.041165,-0.99673,0.023818,-0.04134,-0.0025322,-0.1389,-19.337,0.33648,-17.219,-0.027732,22.805,1.3425,-23.899
32.9,-0.046597,0.0017791,-0.042131,-0.98864,0.017885,-0.03299,-0.0053638,0.44062,-12.804,-2.2056,-14.567,1.0683,23.896,-1.3585,-18.916,-0.055174,-0.017359,-0.048033,-1.0236,0.027045,-0.043813,0.004717,2.4161,-16.773,-0.7713,-14.636,1.4353,22.108,0.054018,-24.043
33,-0.046878,-0.00387,-0.027958,-0.98132,0.013975,-0.04065,-0.0094956,2.5547,-13.282,-1.4098,-15.683,0.65344,25.086,-1.2868,-18.348,-0.043628,-0.011967,-0.03383,-0.99924,0.02645,-0.036023,-0.0064191,0.85328,-18.545,-1.6824,-16.185,1.0155,22.15,-0.89596,-23.908
33.1,-0.053544,0.0086091,-0.032896,-0.99043,0.014177,-0.031428,-0.011404,-1.8678,-10.447,-0.20002,-15.56,1.435,23.151,0.80801,-18.564,-0.052967,-0.0099123,-0.04943,-0.97582,0.026785,-0.041798,-0.011745,1.2493,-17.937,-0.97535,-15.91,0.68104,23.423,-0.94057,-22.496
33.2,-0.055801,0.0072122,-0.023612,-1.0004,0.01319,-0.02825,-0.017329,0.4361,-12.487,-1.6129,-16.279,-0.26147,23.762,0.60022,-19.801,-0.043175,-0.004536,-0.028488,-1.0031,0.023583,-0.039182,-0.0052303,1.04,-17.452,-1.828,-15.99,0.55539,22.693,1.2616,-22.492
33.3,-0.036466,-0.0027546,-0.029921,-0.99121,0.014321,-0.025628,-0.023021,-0.8594,-11.492,-1.9138,-16.87,1.2958,25.257,-0.14894,-18.055,-0.059026,-0.010429,-0.043372,-1.0081,0.033023,-0.031872,-0.0035562,0.11428,-19.265,-2.1342,-17.349,0.22902,22.132,0.061509,-22.183
33.4,-0.029014,0.0026868,-0.023718,-0.98909,0.013641,-0.025377,-0.011198,0.99437,-10.326,-2.0646,-17.684,0.88311,24.969,0.45887,-20.311,-0.087199,-0.0075097,-0.035847,-0.99893,0.016073,-0.02773,-0.0044927,0.003505,-16.446,-1.6893,-17.762,-0.57532,24.163,0.11082,-22.275
33.5,-0.046197,0.0014915,-0.034972,-0.99514,0.013094,-0.023746,-0.017376,0.53631,-12.691,-1.4395,-17.443,0.093702,25.415,-3.313,-18.396,-0.046734,-0.016986,-0.039502,-1.0187,0.017689,-0.041781,-0.0039503,1.2101,-16.56,-0.67488,-18.269,0.94315,25.02,-0.55094,-21.661
33.6,-0.040304,0.011139,-0.030589,-0.99863,0.010953,-0.02728,-0.0146,0.57593,-11.313,1.3064,-17.813,1.6495,26.174,-0.44642,-19.101,-0.048579,0.00099861,-0.028871,-0.98101,0.038497,-0.043105,-0.0031091,0.10945,-15.462,-1.5563,-17.416,0.52177,25.368,-1.6304,-23.217
33.7,-0.036821,0.019192,-0.024343,-1.0097,0.0091323,-0.025362,-0.014579,0.26527,-10.595,-0.80132,-17.614,0.24439,24.552,-0.033904,-20.124,-0.054167,0.00063091,-0.046904,-0.99338,0.017727,-0.036042,-0.013706,0.80744,-14.975,-2.283,-19.52,0.22567,25.265,1.0725,-22.207
33.8,-0.042723,0.0055836,-0.011126,-0.99569,0.011332,-0.016801,-0.0199,-1.8031,-10.761,-2.0157,-19.148,-0.45829,26.396,0.24394,-19.138,-0.052802,0.0063627,-0.037124,-0.98857,0.024036,-0.029637,-0.0041949,-0.57929,-14.156,-1.2252,-17.916,-1.9775,25.402,1.4446,-24.435
33.9,-0.049902,0.0066696,-0.030363,-0.99554,-0.0038817,-0.014773,-0.022175,1.1608,-8.6775,-1.2254,-19.499,0.42862,25.758,-0.95292,-19.128,-0.049719,0.014241,-0.038857,-0.99412,0.017941,-0.031543,-0.0069139,-0.79806,-15.948,-2.134,-20.168,2.5167,26.78,-0.52869,-23.951
34,-0.038461,0.0038141,-0.016307,-1.0249,0.0084257,-0.03362,-0.022694,1.9653,-8.6006,-1.8958,-20.611,-0.30115,26.876,-0.69446,-21.518,-0.051654,0.0043627,-0.026326,-1.0023,0.018905,-0.028489,-0.012805,1.0802,-15.373,0.19309,-18.987,1.3246,26.969,1.2743,-23.566
34.1,-0.048773,0.015711,-0.018847,-1.0026,0.0090067,-0.027562,-0.023001,1.4164,-8.689,-2.2099,-20.321,0.34855,25.731,1.1394,-18.932,-0.060051,0.00059607,-0.03187,-0.99351,0.017917,-0.035943,-0.009702,2.2477,-14.392,-1.1856,-19.523,0.69401,25.203,-0.48183,-24.933
34.2,-0.0553,0.012099,-0.020125,-0.98016,-0.0005709,-0.025981,-0.032114,0.049607,-7.6005,-0.51879,-19.723,1.1961,26.767,-0.47483,-19.73,-0.047771,0.01461,-0.031394,-0.99487,0.02118,-0.017461,-0.010828,0.67011,-12.393,-1.021,-22.949,-1.0215,28.325,-0.32002,-22.872
34.3,-0.057527,0.01643,-0.0093541,-0.98618,0.0027138,-0.032126,-0.0077662,-0.66574,-6.4138,-1.0643,-22.152,-1.1216,25.847,-0.29031,-19.461,-0.066552,0.035397,-0.039208,-0.99466,0.017116,-0.032571,-0.012786,2.9595,-12.546,0.42615,-20.833,0.92071,27.876,1.1447,-21.914
34.4,-0.059793,0.014732,-0.0068795,-1.0076,0.0020859,-0.021151,-0.021078,0.85236,-7.6342,-3.6363,-22.794,2.1288,26.482,-1.1352,-20.671,-0.080021,0.031486,-0.0034156,-0.98591,0.018186,-0.032438,-0.012351,0.61079,-13.247,-0.13076,-21.048,2.1905,26.49,-0.92445,-21.853
34.5,-0.045403,0.010018,-0.0019436,-0.99618,0.003157,-0.026642,-0.022995,-0.05227,-7.6091,-0.96549,-20.821,-0.54569,27.662,-0.24122,-19.99,-0.061486,0.0049239,-0.04175,-0.99132,0.017001,-0.017235,-0.0147,2.2495,-11.771,-0.80012,-21.774,-0.13171,27.121,0.068924,-22.676
34.6,-0.047577,0.033139,-0.010914,-0.98649,-0.0058579,-0.021942,-0.025842,0.59829,-8.4341,-1.4373,-21.776,-0.10119,27.451,0.047742,-19.358,-0.043647,0.021668,-0.020476,-0.99671,0.00026571,-0.022014,-0.012676,0.7393,-12.596,-0.74867,-20.216,-0.50592,28.364,0.14487,-23.358
34.7,-0.051407,0.024941,-0.0022365,-0.99837,-0.00060555,-0.020892,-0.015584,0.39926,-7.9746,-0.46758,-20.849,0.94382,25.112,-1.9876,-19.565,-0.063467,0.020187,-0.03745,-0.99997,0.0097743,-0.024269,-0.016149,0.26989,-12.436,-3.6158,-22.707,-0.16568,26.58,-1.4093,-24.818
34.8,-0.055616,0.0475,-0.028589,-1.0142,0.0029116,-0.015676,-0.0060467,0.57256,-7.1136,-2.7118,-24.218,-0.69028,26.026,-2.1971,-21.754,-0.069343,0.017049,-0.031048,-0.99205,0.0067004,-0.027366,-0.016812,1.9076,-13.817,0.017168,-23.288,1.0009,28.682,-2.9155,-24.929
34.9,-0.053543,0.025495,-0.021526,-0.99247,-0.011175,-0.018917,-0.014726,1.5381,-4.8536,-1.1871,-23.336,1.7771,27.039,0.41079,-21.573,-0.077673,0.026275,-0.031756,-0.99882,0.0062613,-0.026687,-0.015374,1.7649,-11.565,-1.5929,-20.493,-1.1495,27.824,0.54756,-24.62
35,-0.037155,0.01676,-0.011057,-0.98931,-0.012749,-0.013537,-0.017205,0.93939,-5.9988,-2.0695,-22.492,-0.99285,26.866,-1.2989,-19.805,-0.063697,0.016907,-0.017856,-0.9957,0.00088952,-0.022932,-0.014498,1.3044,-11.618,-1.3747,-23.816,-0.63047,24.945,-0.60313,-24.915
35.1,-0.035804,0.022105,-0.0025037,-1.0074,-0.0059891,-0.010164,-0.026799,0.59859,-5.8089,-1.8935,-24.098,1.0285,24.835,-0.21604,-20.833,-0.068335,0.021234,-0.041644,-1.007,0.0078104,-0.013831,-0.017023,0.9366,-9.9986,-2.7404,-23.96,2.3188,27.749,2.3224,-24.819
35.2,-0.047251,0.021082,-0.0048514,-1.0003,-0.0098888,-0.013299,-0.010452,2.01,-5.2917,0.48252,-25.254,-0.28643,26.27,-0.5432,-21.254,-0.075127,0.027614,-0.028436,-1.0026,0.0055578,-0.014556,-0.014518,-0.37068,-10.951,-2.9304,-24.812,-1.6539,28.581,0.60453,-26.228
35.3,-0.043771,0.017759,-0.013788,-1.0036,-0.0098683,-0.01411,-0.0075779,-0.057699,-5.0346,-1.3454,-25.337,0.5663,26.093,-0.76623,-20.006,-0.077686,0.0212,0.010539,-1.0116,0.012813,-0.019459,-0.0054253,1.4814,-8.3945,-2.0801,-26.184,0.91765,26.364,0.83631,-26.71
35.4,-0.049442,0.017895,-0.00082095,-0.99822,-0.017716,-0.01091,-0.01612,0.38128,-1.8114,-2.699,-23.8,-1.7929,27.069,0.55664,-21.146,-0.051027,0.029363,-0.027803,-0.98682,-0.0045313,-0.018487,-0.016976,0.39416,-11.347,-0.46182,-24.768,1.8926,27.477,-0.25519,-26.717
35.5,-0.059802,0.031966,-0.0077648,-0.9928,-0.018002,-0.014049,-0.01752,1.7129,-2.9039,-0.31785,-25.485,-0.35297,25.609,0.7561,-21.537,-0.081462,0.021966,-0.041193,-1.0023,-0.0033852,-0.0066217,-0.021353,0.34818,-9.4847,-0.84181,-25.646,-0.85482,28.924,-1.8184,-23.671
35.6,-0.05699,0.043068,-0.017052,-1.0029,-0.021894,-0.020048,-0.011222,1.0051,-2.3404,-0.82267,-25.1,1.5388,24.389,-0.40265,-21.663,-0.061478,0.022344,-0.0062132,-1.0019,0.0017168,-0.017527,-0.011675,-1.2314,-10.122,-1.6403,-26.452,1.2244,28.674,1.228,-26.161
35.7,-0.038389,0.017719,-0.00073175,-1.0113,-0.021519,-0.013355,-0.0086119,-1.1424,-3.3801,-2.3537,-25.165,-1.1738,23.589,1.3458,-23.748,-0.062732,0.0049862,-0.026008,-0.99584,0.0042131,-0.016353,-0.0084475,0.10036,-7.3712,-2.7625,-26.077,-0.073536,28.755,-0.83818,-25.477
35.8,-0.067583,0.036262,-0.021031,-1.0066,-0.022177,-0.0075619,-0.022956,0.67391,-1.6123,-0.98553,-24.314,-0.44648,25.53,0.20502,-21.353,-0.0615,0.024995,-0.023498,-1.0055,0.0013291,-0.0085114,-0.0133,2.4042,-9.1304,-0.64233,-26.85,0.59856,28.896,-0.40823,-26.45
35.9,-0.045529,0.042872,-0.020097,-0.99103,-0.019227,-0.0028393,-0.0049395,0.67591,-0.7194,-1.7006,-27.627,-0.038987,26.364,0.043721,-20.056,-0.076982,0.027283,-0.033167,-1.0067,-0.0059399,-0.0065105,-0.010867,0.72759,-8.4594,-0.82712,-26.589,-0.018501,27.815,-0.52641,-25.357
36,-0.023848,0.02226,-0.0018154,-0.9913,-0.010781,-0.0062874,-0.013677,2.0365,-0.75489,-2.2674,-27.94,-1.1531,24.336,-0.0065781,-21.871,-0.054875,0.043363,-0.018044,-1.0057,-0.0087377,-0.013771,-0.0041972,1.3568,-6.4687,-1.942,-25.703,-1.4465,27.127,0.16192,-24.83
36.1,-0.045766,0.028953,-0.010271,-0.98914,-0.020147,-0.0062175,-0.0027988,0.077303,-2.8394,-1.7171,-27.921,1.0133,23.776,0.88196,-21.631,-0.053586,0.0344,-0.042779,-1.0076,0.00015471,-0.015165,-0.010085,-0.20634,-9.7928,-0.65398,-28.913,1.2759,27.628,0.61664,-24.585
36.2,-0.039025,0.012937,0.004224,-1.0099,-0.015711,0.0017293,-0.013364,0.94305,-1.1286,-1.837,-28.156,0.35157,23.362,0.91905,-21.159,-0.080491,0.032128,-0.030951,-0.99944,-0.0070641,-0.011146,-0.010105,1.0708,-7.3416,-0.72792,-28.585,0.054041,27.881,-0.62671,-25.385
36.3,-0.023503,0.032097,0.017963,-0.98793,-0.016402,0.0036113,-0.017584,0.9248,-0.41488,-0.89759,-29.119,-2.3281,20.841,-0.98267,-21.894,-0.076559,0.034127,-0.012693,-0.98482,-0.013674,-0.018415,-0.013909,2.597,-8.4606,-1.3652,-26.425,0.70125,27.777,-1.8166,-26.494
36.4,-0.047844,0.021687,-0.013401,-0.98159,-0.017089,-0.00068202,-0.0033877,1.2006,-0.070662,-2.4764,-29.063,-0.2203,22.872,-1.003,-20.315,-0.054465,0.030097,-0.0017889,-1.0098,-0.01413,-0.0097914,-0.011814,1.0723,-5.9917,-0.78602,-30.292,-0.52232,27.213,-0.1007,-27.959
36.5,-0.035462,0.0034751,-0.00053078,-0.99879,-0.022915,0.0072975,-0.017605,1.2197,-0.90088,-0.13423,-30.416,-0.36117,22.695,-2.6959,-21.032,-0.051141,0.027121,-0.028722,-1.0002,-0.02222,-0.0067855,-0.013017,-0.25674,-5.3565,-0.020338,-29.506,0.77828,28.609,-1.6145,-26.763
36.6,-0.02609,0.02567,-0.012002,-1.0016,-0.022099,0.0074247,-0.010287,1.1113,-1.1054,-0.90724,-29.314,0.28538,23.166,-1.798,-20.543,-0.075551,0.019374,-0.0097403,-0.98185,-0.014871,-0.0072822,-0.01657,1.2763,-5.8533,1.0927,-29.637,-1.3053,28.092,-0.085245,-26.822
36.7,-0.018217,0.024895,0.0023702,-1.0112,-0.029604,0.00064613,-0.010962,2.0381,-2.4008,-1.0097,-29.995,-0.6524,22.763,-0.59379,-21.62,-0.064188,0.019953,-0.0046675,-0.99348,-0.020293,-0.0045598,-0.013075,-0.36444,-4.3908,-1.527,-29.563,0.65653,28.618,-0.32514,-27.522
36.8,-0.029247,0.034482,0.003577,-1.0163,-0.024964,0.0099529,-0.017408,0.36506,-1.5444,-0.53424,-29.643,0.034271,22.294,-1.6145,-21.31,-0.056196,0.027823,-0.0096007,-0.98588,-0.012994,-0.005536,-0.014228,1.9543,-6.5617,-0.15515,-31.011,0.12199,29.196,1.4391,-26.172
36.9,-0.041599,0.00327,-0.0052762,-0.99704,-0.02766,0.01405,-0.0029822,-0.029806,0.64375,-0.95742,-31.983,-1.0395,20.761,0.030761,-20.129,-0.059343,0.046046,-0.026941,-0.98629,-0.024258,0.00059694,-0.005513,0.12705,-6.3034,-2.6248,-30.55,-1.1383,26.34,-1.2132,-24.697
37,-0.042289,0.028371,-0.0064396,-1.0311,-0.016564,0.011754,-0.0048531,1.3363,0.3681,0.24307,-30.315,-1.508,21.698,2.1469,-17.115,-0.070772,0.043873,-0.011878,-1.0064,-0.010998,-0.010014,-0.012988,1.8977,-7.2479,0.42362,-31.675,-1.0021,26.998,-0.61611,-26.412
37.1,-0.026567,0.025766,-0.020743,-1.0118,-0.025503,0.0036829,-0.012304,1.3004,1.5703,-1.1235,-30.189,-1.1762,21.812,1.2874,-19.812,-0.051507,0.015236,-0.016832,-1.0046,-0.023097,-0.0066758,-0.011626,-1.5342,-4.3749,-0.34964,-32.7,-1.2628,28.207,-0.25048,-26.584
37.2,-0.038209,0.03473,0.004179,-1,-0.030611,0.025446,-0.0055687,1.0823,2.6332,-1.7689,-30.509,-1.5637,22.352,1.5154,-18.409,-0.056163,0.040266,0.0052466,-1.0063,-0.014046,-0.0034231,-0.015414,0.17383,-3.9352,-0.19444,-32.361,-1.3974,26.915,-0.24207,-26.985
37.3,-0.032148,0.028168,-0.0029544,-1.0037,-0.031107,0.020994,-0.011648,-0.84183,0.78964,-2.1897,-33.098,-0.28807,19.967,1.6943,-18.427,-0.061145,0.049023,-0.011912,-1.0031,-0.033878,-0.0058267,-0.011324,0.85542,-1.4121,-2.3274,-32.213,0.11124,27.158,-0.21316,-26.695
37.4,-0.0087121,0.026157,0.0094567,-1.0059,-0.026641,0.013307,-0.0086248,-0.28106,1.5441,-0.09681,-32.331,-0.93935,21.818,1.3603,-18.271,-0.061708,0.0082283,-0.0078998,-0.98796,-0.017009,-0.0057273,-0.012824,0.6952,-2.7657,-0.55007,-34.542,-0.27141,27.402,-0.39456,-27.091
37.5,-0.014533,0.023256,-0.0099011,-1.0032,-0.019809,0.010409,-0.0039847,-0.7033,3.2712,-1.2239,-32.583,-1.8813,21.485,0.88396,-18.481,-0.047564,0.040738,-0.0015181,-0.99918,-0.029989,0.0074049,-0.016089,1.9198,-2.4894,-2.473,-32.035,0.99074,27.112,0.33378,-23.5
37.6,-0.034149,0.036187,-0.021211,-0.98915,-0.02869,0.0084937,-0.0067556,-1.1069,1.396,-0.53691,-33.881,-0.3303,19.877,-0.29381,-19.5,-0.058295,0.049278,-0.0040966,-1.0041,-0.02068,0.0039774,-0.0054215,0.46492,-2.7521,-0.76704,-33.843,-0.61969,26.195,-1.0231,-27.035
37.7,-0.015708,0.02573,-0.0029999,-0.99943,-0.024389,0.01881,0.0062182,0.13185,2.3209,0.04392,-33.136,-0.0026691,20.378,0.63952,-19.681,-0.059287,0.051864,-0.00013759,-1.0008,-0.032402,0.0015979,-0.0094711,0.56025,-2.6632,-0.96872,-35.266,-0.064525,25.045,0.16902,-23.95
37.8,-0.044236,0.035567,-0.0023016,-0.99598,-0.020493,0.020288,-0.0084764,0.54189,0.029327,-1.4074,-33.81,-0.19826,19.234,0.52309,-18.484,-0.0449,0.028317,0.014917,-0.99907,-0.043548,0.0027972,-0.0011273,0.5937,-1.8706,-0.66306,-35.425,-2.2161,27.707,0.30881,-25.381
37.9,-0.010747,0.017316,-0.013081,-1.0028,-0.025457,0.02449,0.00045466,-1.0355,-0.17224,-0.43345,-34.786,-2.0393,18.167,0.32422,-18.618,-0.064086,0.033371,0.0016231,-1.0056,-0.028947,0.0044556,-0.014734,-0.093243,-2.6925,-0.78562,-35.34,0.62776,27.254,0.068377,-27.608
38,-0.030429,0.016587,0.0056116,-1.0007,-0.027082,0.021878,-0.0064892,-0.039687,0.30849,-0.37921,-33.031,-2.2642,16.775,-1.7284,-17.189,-0.054889,0.016506,-0.017894,-1.0019,-0.035016,0.005601,-0.0096084,1.6143,-0.59354,-2.0535,-34.604,-0.32172,28.553,0.62949,-27.352
38.1,-0.015411,0.014873,-0.018968,-0.99173,-0.020652,0.022928,0.00073396,0.066071,1.2179,-0.90707,-35.728,-1.9217,16.036,-1.4664,-17.349,-0.036476,0.025398,-0.0056523,-0.99149,-0.022171,0.012791,-0.0076523,0.94476,-3.2195,-2.5052,-34.277,0.36718,26.596,-0.84931,-26.581
38.2,-0.015821,0.0172,0.0041252,-1.0174,-0.020232,0.022679,-0.0018051,-0.0049051,-0.70489,1.1722,-33.328,1.0696,16.115,-1.7044,-17.376,-0.045151,0.02341,-0.0026087,-1.0007,-0.031346,0.015609,-0.012259,-1.6412,-0.95849,0.18482,-36.226,0.038614,26.408,0.76185,-26.809
38.3,0.0065331,0.017484,-0.014614,-0.99863,-0.017738,0.020431,-0.0023711,-0.86703,-0.38208,-0.20719,-36.115,1.3336,18.848,0.46638,-18.115,-0.035793,0.038508,0.00098941,-1.002,-0.029325,0.0094914,-0.010375,0.23079,-0.1084,-0.53762,-34.824,0.10075,26.149,1.431,-26.402
38.4,-0.0051208,0.014557,-0.014102,-0.98282,-0.010279,0.019189,-0.0086014,0.039274,-0.23289,1.4863,-34.309,0.16583,16.574,-1.1497,-19.753,-0.034123,0.022791,-0.019373,-1.016,-0.027198,0.0092622,0.0067239,1.5069,-0.36727,-0.80799,-37.595,-0.90058,26.77,0.36951,-25.997
38.5,-0.002089,0.0083436,0.0011168,-1.008,-0.015064,0.013109,-0.004389,-0.869,-1.2533,-0.20563,-33.962,1.6406,18.133,-0.77515,-18.494,-0.037682,0.03354,-0.013583,-0.98857,-0.033677,0.015661,-0.011094,0.062287,1.3505,1.1024,-36.039,-0.57651,24.969,0.31256,-24.395
38.6,0.0045736,0.017051,-0.00012265,-1.0178,-0.017116,0.013818,-0.0031195,-1.31,-0.97096,-0.1695,-32.769,-0.24056,18.631,-0.94369,-18.291,-0.020743,0.010122,-0.0069448,-1.0005,-0.034288,0.019596,-0.012899,1.1206,0.38142,-1.7616,-37.36,-1.3022,26.406,-0.85296,-25.41
38.7,-0.0067534,0.015655,0.0010228,-0.98828,-0.016788,0.010965,0.0084256,-2.9965,-3.0695,-1.984,-35.244,-1.1939,17.146,-1.1125,-17.06,-0.032879,0.0163,0.010751,-1.0075,-0.031223,0.012481,-0.012307,1.5431,0.89686,-0.32671,-37.578,-0.82183,25.023,0.62769,-27.377
38.8,-0.011604,0.012586,0.0041134,-1.0249,-0.013933,0.01585,0.0027954,-0.66488,-0.59566,0.38223,-33.788,1.5068,20.45,0.28903,-18.654,-0.013359,0.02749,-0.010124,-1.0077,-0.031075,0.015728,-0.0055949,1.881,-0.31864,-0.59798,-38.722,-0.36766,24.673,1.7902,-25.843
38.9,-0.019414,0.020585,-0.0023778,-1.0137,-0.011189,0.020821,0.005326,-2.1889,-1.5852,-1.5596,-33.739,-0.92015,17.587,0.65803,-17.257,-0.045241,0.023374,0.0046669,-1.0058,-0.034472,0.02263,-0.011718,-0.73613,1.855,-0.8849,-39.509,-0.44243,23.595,1.0173,-25.971
39,-0.010432,0.0026731,0.00078099,-1.0288,-0.013479,0.0046753,-0.0024005,-2.8738,-2.1779,0.86875,-32.825,-2.4154,18.9,1.5209,-19.23,-0.026922,0.016268,0.013493,-1.0079,-0.028031,0.011641,-0.0070749,-0.4231,-0.77259,-2.7235,-38.117,-0.60874,25.139,0.33403,-26.015
39.1,-0.011025,0.023956,0.01333,-0.98999,-0.011961,0.0052116,-0.0078358,-1.4135,-0.42964,0.82741,-32.129,-0.47514,17.648,0.90423,-17.687,-0.034519,0.038942,-0.0021601,-0.98892,-0.029088,0.02429,-0.0036291,-1.6643,1.9014,2.0098,-41.55,0.64324,24.538,-0.54807,-23.719
39.2,-0.015558,0.010576,-0.0037402,-0.99148,-0.01096,0.016817,-0.015153,-2.0639,-2.1791,-0.10013,-33.087,0.77376,18.42,-0.098232,-15.746,-0.02322,0.030233,0.017335,-1.0058,-0.031728,0.028159,-0.0044606,-0.8829,-0.88324,-1.3136,-40.522,-2.1212,23.702,-0.12457,-23.618
39.3,-0.018961,-0.0062578,-0.010968,-1.0093,-0.013834,0.005717,-0.0050348,-0.6369,-4.3405,-0.41387,-32.789,-0.5616,17.923,0.6906,-18.492,-0.039497,0.024737,0.0073418,-0.98197,-0.034945,0.0096344,-0.0048236,-0.41787,-1.6518,-0.30883,-40.472,-0.22916,23.122,-1.0184,-24.091
39.4,-0.02165,0.0030461,0.0093655,-1.007,-0.015745,0.0094191,0.002789,1.476,-5.1527,0.043059,-32.421,0.66321,18.715,-0.18852,-19.277,-0.021107,0.017041,-0.011122,-1.012,-0.027679,0.020187,-0.0071266,-0.43081,-0.23932,2.8674,-39.764,-0.10678,23.864,0.23405,-24.814
39.5,-0.0042619,0.0026271,-0.0084461,-0.99115,-0.0038136,0.0068805,-0.0032854,-0.40568,-3.478,1.2284,-32.56,-1.7678,19.227,0.10745,-20.662,-0.035208,0.02295,-0.018939,-0.98773,-0.023092,0.022479,-0.013537,0.50305,-3.2278,-2.0174,-41.037,0.31535,22.854,0.11834,-23.831
39.6,-0.013548,-0.0065182,0.0034741,-1.0008,-0.0081318,0.014574,-0.0021372,-0.42458,-4.6753,0.17302,-32.287,-0.7347,16.817,-1.2059,-18.643,-0.01578,0.014684,-0.018497,-0.99625,-0.019912,0.019418,0.00087424,-2.4995,-1.5247,-1.043,-38.759,-0.74162,24.593,-1.2812,-24.638
39.7,-0.015988,0.01652,-0.013149,-0.99226,-0.003281,0.0089152,0.0034828,-0.30046,-5.3521,0.18119,-31.497,0.19769,18.163,1.3586,-17.559,-0.0016896,-0.0029434,0.016019,-1.0086,-0.027234,0.014856,-0.00063683,-0.84922,-2.1197,-0.47119,-39.965,-0.064979,23.131,-0.76625,-22.56
39.8,-0.0046675,0.027173,-0.010748,-1.0062,-0.0070848,0.0026847,-0.0067664,-2.4312,-4.7032,-0.78463,-30.424,0.36935,19.762,0.53153,-18.81,-0.015887,-0.0058733,-0.00029845,-0.98088,-0.019157,0.020739,-0.011043,-2.2156,-1.212,-0.28174,-39.33,0.64512,22.961,-0.7847,-25.537
39.9,0.00094491,-0.007319,0.0094509,-1.0065,-0.0031763,0.0087823,-0.0045828,-0.93611,-4.1237,-0.15174,-30.909,0.49147,16.622,1.2896,-18.655,-0.019061,0.0036129,-0.0097451,-0.99751,-0.018497,0.014313,-0.008518,-1.9259,-1.6837,-0.34672,-37.882,0.85061,22.713,1.148,-23.431
40,-0.0095424,0.025242,-0.0051628,-0.99282,-0.0037124,0.0042135,0.0032027,-0.28388,-2.4637,1.0692,-31.408,0.31409,18.427,-0.13418,-16.992,-0.026438,0.0097697,-0.012059,-1.0121,-0.019201,0.02136,-0.0030908,0.61081,-3.4621,1.3977,-38.922,-0.39615,22.929,1.4228,-25.822
40.1,-0.013698,0.0033981,-0.0042971,-0.98798,0.0024195,0.0024831,0.0013065,-0.72666,-3.6733,1.8619,-30.523,1.0962,17.744,-0.26371,-17.234,-0.022965,0.016163,-0.0086541,-0.98595,-0.019836,0.018007,-0.005153,-1.3441,-2.7174,1.9542,-37.086,-0.43184,20.406,-0.14572,-23.268
40.2,-0.00081245,0.0066085,0.016228,-1.036,-0.012358,0.012886,0.0020879,-0.33311,-3.9235,-4.009,-31.753,2.2144,16.723,0.70072,-16.683,-0.011758,0.017779,0.013274,-1.0106,-0.020833,0.013711,-0.0073532,-1.3231,-3.2723,0.97824,-38.051,-1.51,22.835,-1.7894,-23.007
40.3,0.0058589,0.006091,0.015219,-1.0034,-0.001974,0.013182,-0.0077121,0.64951,-3.6383,1.0281,-31.424,1.5318,19.423,-0.19221,-17.128,-0.0044972,0.013473,-0.0013895,-0.9958,-0.011767,0.012257,-0.0054683,1.563,-3.6702,1.1678,-36.631,-0.80713,22.058,0.082303,-24.808
40.4,0.010144,0.018368,0.016765,-1.0079,-0.010572,0.0055717,0.0030589,-1.4034,-4.952,0.11515,-31.372,0.28696,17.122,-1.4957,-19.294,-0.015727,0.01931,-0.0043145,-1.009,-0.012445,0.0068428,0.0061586,-1.6278,-4.5251,0.18097,-36.745,0.39611,23.543,-1.3004,-24.814
40.5,0.0052692,0.0035241,-0.0044966,-0.99621,-0.0022194,0.0089322,0.011306,0.96982,-3.452,-0.50731,-32.853,-0.17473,18.872,-1.4872,-18.574,-0.010807,0.006518,-0.016369,-1.0102,-0.0055005,0.009017,-8.2931e-06,-3.3492,-6.0801,0.1502,-35.813,0.53165,22.455,-1.4703,-22.907
40.6,0.016192,0.019422,-0.01074,-1.0143,-0.0018831,-0.0013823,0.0018507,-1.2593,-2.6471,1.3833,-31.505,-0.68365,18.222,1.7676,-17.43,-0.0071696,-0.0055328,0.0016323,-1.0156,-0.0067207,0.010288,-0.00858,-0.089676,-4.259,-0.76302,-35.82,-1.1039,23.42,-2.6083,-26.105
40.7,-0.022878,0.021741,-0.035069,-0.99456,-0.002333,0.0014552,0.0030992,0.92633,-4.0077,-1.8062,-31.869,-0.15354,19.217,1.1754,-17.9,-0.0064907,0.00061877,-0.003846,-1.0105,-0.016311,0.0071783,-0.006152,-0.78197,-6.9756,0.33859,-35.938,-0.37132,22.841,0.6357,-23.443
40.8,0.0065436,0.0030495,-0.0041389,-0.99797,-0.010322,0.0049003,0.00063323,-1.3458,-2.1145,-0.28708,-32.803,1.507,19.43,2.3233,-19.122,-0.025016,-0.00037351,-0.011083,-1.0014,-0.0090343,0.0033325,0.0067248,-0.99601,-4.9747,-0.21554,-36.452,-0.79648,24.253,-1.8996,-25.286
40.9,-0.010814,-0.0073942,0.0002311,-1.0167,-0.0019178,0.00067061,-0.014055,0.60765,-4.6981,-0.43235,-29.768,-0.18615,18.398,-0.92097,-17.91,-0.016316,0.0031997,-0.013462,-0.9916,-0.022115,0.0062265,-0.0084209,-3.8528,-6.724,-1.2506,-34.554,-0.10784,21.962,-1.5128,-26.026
41,-0.015381,0.01486,-0.0018802,-1.0242,0.0021271,0.010391,-0.00097304,1.3476,-5.1248,-1.0598,-31.772,-1.8754,15.68,-0.17072,-18.192,-0.012934,0.0089912,0.025195,-0.99411,0.00041295,0.0019935,-0.0053161,-1.8957,-5.9594,-2.0082,-36.219,-2.1455,22.6,2.7015,-24.66
41.1,-0.010141,0.0071411,0.0037688,-1.0063,-0.010251,0.0090246,0.0015345,-1.423,-4.7666,0.98429,-31.796,-1.3464,17.713,0.55586,-20.191,-0.015877,0.010045,0.0017567,-0.98739,-0.0083531,0.012153,-0.013494,0.15896,-6.3239,-0.032507,-36.186,-2.6511,23.728,-1.3533,-25.024
41.2,-0.0026305,0.016024,-0.0073075,-0.98544,-0.0015668,-0.008538,-7.7472e-05,-0.20294,-2.8926,-0.8024,-28.454,0.77793,16.894,0.058347,-17.107,-0.0045528,0.0062604,0.0074297,-1.0089,-0.0081133,0.0093102,0.0043989,0.22827,-6.7482,-2.1948,-36.004,-0.83226,22.604,-0.27177,-24.853
41.3,-0.010232,-0.002819,-0.0082562,-0.99221,-0.0022681,0.0016344,-0.0095982,0.081525,-3.2904,-1.1101,-31.208,1.0971,19.278,0.46824,-18.632,0.0033896,0.0085701,-0.015768,-0.98666,-0.010926,0.00232,-0.0069785,-0.16651,-5.9628,-0.058942,-34.691,1.4178,23.729,0.22972,-24.366
41.4,-0.0021444,-0.00043859,0.0012701,-1.006,-0.0031916,0.0027674,-0.0022621,1.6461,-2.5584,1.3412,-29.65,-0.033711,16.911,-0.86877,-18.756,0.0080703,0.0065521,0.012603,-0.98833,-0.010699,0.0063168,0.0021398,-0.73397,-7.794,-0.51867,-33.861,1.6975,24,0.044761,-24.473
41.5,0.0073187,0.0055736,-0.0064513,-0.98328,0.00021474,-6.2283e-05,-0.001123,1.9555,-3.7395,0.5433,-32.084,0.071704,20.522,-1.6914,-19.243,-0.012842,-0.0051418,-0.0087035,-1.0066,-0.0103,0.010567,-0.0053821,-2.012,-5.127,-0.40344,-34.159,-0.097784,23.937,0.25049,-23.616
41.6,0.0093017,0.00045848,-0.0050051,-0.97928,0.0002254,0.011232,-0.0040174,-0.9237,-4.0876,0.79393,-30.655,0.37091,16.342,0.96167,-19.124,-0.0085933,0.0021197,-0.012496,-1.0201,-0.017244,0.0080569,-0.0084805,-0.1983,-5.7468,0.027489,-35.915,-0.26809,24.052,-0.13529,-24.086
41.7,0.0055821,0.016349,0.0030329,-0.99223,-0.0067842,0.0076011,0.0003568,-1.5232,-2.7399,-1.4464,-29.698,-0.22321,17.801,0.88267,-17.617,-0.0077245,0.0054196,0.011265,-0.99193,-0.0038899,0.015185,0.0018994,2.2539,-8.7451,1.0903,-34.912,-0.61308,24.848,-0.052883,-25.096
41.8,0.011824,-0.0063245,0.0062966,-1.004,-0.0024906,0.0094845,0.0029358,-2.1646,-6.8366,0.59859,-30.498,-0.86308,20.003,0.83124,-19.009,-0.0077119,0.027414,0.0031192,-0.99295,-0.012882,0.003258,-0.0040107,0.75189,-6.5969,0.011646,-34.135,-0.5844,23.219,-0.54288,-23.544
41.9,-0.0075232,0.0050052,-0.012295,-1.0072,-0.0054977,0.0047796,0.0022784,0.11703,-4.3945,0.30724,-32.612,-0.082755,18.899,0.036604,-17.493,-0.0044944,0.0099234,-0.0086296,-0.99771,-0.0042383,0.013581,0.0035413,0.19508,-8.1856,-0.8677,-34.785,2.161,23.317,-0.44674,-24.52
42,-0.0017588,0.014495,-0.018421,-0.98415,-0.0095949,0.00341,0.0025219,0.48445,-4.8336,-0.3046,-30.819,1.2996,16.086,-1.7196,-18.562,-0.0041856,0.0068328,-0.023444,-0.9969,-0.0075331,0.0060415,0.0035551,-0.98339,-6.8751,-0.28186,-36.96,0.84676,23.051,1.0765,-23.71
42.1,-0.015416,-0.0038858,0.0078916,-0.96647,-0.0017335,0.0029085,0.0016464,1.6908,-5.3097,2.3442,-29.724,2.2063,17.37,1.589,-17.338,-0.027331,0.027927,-0.0012197,-1.0031,-0.0002467,0.0096735,-0.0043418,0.059101,-7.7673,-0.46119,-34.83,0.11111,25.313,-2.2534,-23.865
42.2,-0.0085128,0.0076089,-0.022338,-0.9946,-0.001379,-0.0028155,0.00052331,-0.8291,-3.2497,-0.28326,-29.865,0.63536,15.586,0.18341,-17.212,0.0015243,-0.0066326,-0.020562,-0.99998,-0.0057665,-0.00099313,-0.0021009,-0.66315,-4.755,1.4822,-35.377,-0.79338,22.224,-0.26043,-23.739
42.3,-0.0025409,-0.0038912,-0.0079799,-0.9874,-0.011518,-0.0018075,-0.0010131,-2.6283,-3.769,-1.6786,-31.488,1.1088,18.712,-1.2286,-17.251,-0.0018949,0.020588,0.0011288,-1.0135,-0.0092067,0.011535,0.0080492,-0.74928,-9.3966,2.9474,-34.717,0.6574,21.645,0.69779,-24.762
42.4,0.0039118,0.0076167,-0.0034332,-0.99767,0.0073978,0.0015747,-0.00056314,0.43,-6.1739,0.21719,-31.923,0.71385,18.288,-0.88937,-18.574,0.010064,0.0056673,0.00066246,-0.99269,0.0008821,0.0058117,0.01047,-2.9734,-7.1195,-0.65119,-34.255,1.7754,21.634,2.0305,-25.028
42.5,0.003032,-0.0021906,0.013555,-1.0097,0.0041321,-0.0030128,-0.00014421,1.7808,-5.2082,-0.26094,-30.666,-1.8491,17.418,-0.084883,-19.025,-0.0014779,-0.011908,0.017629,-1.0031,-0.0053069,0.0012331,-0.0048348,-0.86586,-6.2643,-2.9284,-34.136,0.02133,24.752,0.553,-27.008
42.6,-0.00019079,0.0036248,0.005269,-1.0074,-0.0013573,0.0056993,-0.0047403,0.47673,-4.4365,0.43457,-32.046,-0.92367,18.641,-0.017881,-18.684,-0.015768,0.010512,0.0076988,-0.98574,0.0075234,0.0010581,-0.0028269,0.14888,-7.2395,-0.38313,-35.119,-2.1679,24.153,-0.37998,-22.161
42.7,0.0028467,0.014551,0.0064152,-1.0154,0.0082678,-0.0011239,0.00096757,-3.3444,-5.7707,-0.13709,-30.589,0.75383,16.926,-0.074179,-15.679,-0.013476,0.0015952,-0.0032377,-0.97337,-0.0016229,0.0074088,0.0011131,0.32247,-8.3252,-0.21879,-33.857,-0.85244,24.296,-1.9912,-24.516
42.8,0.024676,0.0045346,0.0041718,-0.99692,0.0024388,-2.1867e-06,-0.0068816,1.1506,-3.7704,1.2109,-29.692,2.4332,18.301,1.5085,-17.183,-0.0045958,0.0085651,0.016153,-1.009,-0.0080899,0.0095093,0.0065327,-1.4819,-9.3295,0.94725,-33.779,-0.17008,24.803,-0.6308,-24.047
42.9,0.011936,0.013273,-0.0061997,-0.99249,0.0015424,0.00027457,-0.0054033,-0.79493,-4.7528,-0.2515,-29.694,-2.0151,19.067,0.28102,-16.719,-0.0027476,0.010383,-0.015329,-1.0088,-0.014068,-0.00089167,0.0041767,-0.52208,-7.3529,0.26288,-36.232,-0.5562,20.799,0.74851,-23.761
43,0.0021046,-0.0028301,-0.017123,-1.0222,-0.0022954,-0.0021638,0.003418,1.2942,-3.8948,-0.003123,-31.323,-1.6318,16.639,-0.93305,-15.294,0.0067751,-0.015209,-0.0077569,-0.99721,-0.0077078,-0.0016038,0.0038802,-0.54593,-8.979,-0.22599,-32.704,-0.64939,25.915,1.2857,-23.907
43.1,-0.010686,-0.0099067,-0.0083936,-0.99883,0.0013372,-0.0014917,-0.0049171,-0.62171,-4.2387,0.014669,-29.246,0.10964,20.22,-0.85736,-18.396,-0.018308,0.0055363,0.015935,-0.97116,0.00035376,0.0046692,-0.005499,-0.0007104,-8.4523,-0.38777,-33.98,-1.6273,22.555,-0.40767,-24.216
43.2,0.026829,0.0075516,0.0024478,-0.98573,-0.0014841,0.002006,-0.00055271,-2.1531,-5.5753,-2.0089,-31.154,1.055,18.062,0.80426,-19.092,-0.023398,0.012768,-0.014764,-1.0006,-0.0098955,-0.0071389,-0.0034993,1.1638,-10.436,1.4057,-34.292,0.09109,22.878,-2.717,-25.602
43.3,0.0017195,-0.0070735,0.0019321,-1.001,0.0016215,0.0040219,0.0097559,-2.488,-5.2588,0.79777,-29.642,-0.58906,17.673,-0.81413,-16.804,0.00038724,0.021278,0.0078764,-0.9848,-0.00091614,-0.00014109,0.0021037,-1.6269,-7.4897,-0.23216,-32.755,1.6714,24.529,1.2223,-25.027
43.4,-0.017999,-0.0011635,0.0057946,-1.0068,0.0073033,0.010757,-0.0033875,1.1153,-6.942,-0.77956,-29.486,0.47889,16.58,0.31463,-16.217,-0.014409,0.01382,-0.0063104,-1.006,-0.0054258,0.0073243,-0.0034649,-0.54755,-8.571,-1.9297,-33.174,1.2618,21.674,0.50859,-25.767
43.5,0.0015565,-0.004108,0.0034241,-1.0032,-0.00021225,0.0048724,-0.00054168,0.05058,-6.1888,1.0711,-31.111,-0.5545,18.34,-1.3225,-15.628,-0.0005669,-9.7035e-05,0.0031633,-0.98946,-0.012598,-0.00019491,0.0026667,0.75285,-7.6828,0.086639,-35.551,0.6424,23.414,0.10838,-24.108
43.6,0.0017723,0.00483,0.019092,-1.0011,-0.00029431,0.0019312,0.0034213,1.2764,-4.0165,0.60725,-29.329,-1.0149,16.994,0.53761,-18.097,-0.012869,-0.0011683,0.004015,-0.99921,0.01154,0.0020195,-0.0047547,1.1945,-8.2477,-1.3479,-35.398,-1.8265,22.19,-1.4601,-23.414
43.7,0.01848,0.012446,0.0093781,-1.017,0.0028738,-0.0054044,-0.0008424,0.93433,-4.3308,0.38562,-29.094,1.2247,16.046,-0.17861,-16.92,-0.0052095,0.021431,-0.00076437,-0.99805,0.00022724,-0.00037139,-0.0141,0.27794,-5.6958,-0.080959,-33.424,-0.80213,22.764,0.25766,-23.465
43.8,0.00039555,0.0029602,0.018936,-0.99196,-0.0052334,-0.0071255,-0.0050009,0.56615,-3.7464,-0.089588,-31.339,2.3858,15.788,0.44921,-16.015,0.011905,-0.018456,0.0062215,-0.99871,-0.0094491,0.0043923,-0.00082849,-2.3674,-7.3589,1.1553,-34.558,0.42046,23.522,-0.31616,-24.579
43.9,0.0019052,0.0084098,0.0027387,-0.97818,-0.0022365,0.0066322,-0.0040976,-0.42642,-5.3849,0.088161,-32.076,-0.24826,16.86,0.15413,-17.038,-0.018991,0.00016367,0.0016502,-0.99485,-0.0080381,0.0076877,0.0033975,-1.1442,-9.6652,0.4121,-34.413,0.81075,22.565,-2.2282,-25.102
44,0.0058349,0.004866,0.0062269,-0.99485,-0.0017552,0.0082396,-0.0026261,0.92573,-4.9577,-2.6852,-31.356,-1.2843,18.573,-0.38745,-18.144,0.002623,0.010877,-0.00086631,-1.0059,0.00073774,0.0033799,0.00091961,-1.3336,-8.7844,-0.5581,-33.55,2.2968,22.663,2.881,-23.011
44.1,0.007687,-0.011816,0.017991,-0.99739,-0.0024134,-0.0041534,0.0011508,1.0361,-3.6083,-0.38427,-31.521,-0.77962,17.944,-0.9299,-18.16,0.0036637,-0.0074419,2.4021e-05,-1.0044,0.00053598,6.362e-05,-0.002724,0.089274,-7.9305,0.60561,-35.119,-0.63058,23.796,-1.1245,-23.576
44.2,-0.0065004,-0.0065183,-0.0069268,-0.98823,-0.0035228,-0.0046756,-0.0026575,-0.45999,-5.3468,1.3404,-31.683,0.51684,17.161,-0.23073,-15.615,0.0024043,0.0032896,-0.0087596,-0.99671,0.0048517,0.010916,-0.0073782,2.0349,-8.3635,0.73346,-36.389,0.032163,22.711,-2.1811,-24.479
44.3,-0.0039932,-0.00046549,-0.0046792,-1.0041,-0.00096045,-0.00049191,0.0025595,-1.9701,-3.9573,-1.087,-30.019,-1.4226,18.721,0.24725,-17.594,0.0017525,-0.0038944,-0.0012028,-1.0119,-0.0011419,-0.0092898,0.0034468,-1.2739,-7.7498,-1.6931,-33.828,0.75159,21.383,1.5901,-23.209
44.4,-0.0020713,0.0062536,-0.01633,-1.0098,0.0034333,-0.0005584,-0.0098326,-0.91502,-6.0416,-1.4741,-30.889,0.39621,18.733,1.2836,-16.56,0.0023137,0.0018487,0.01182,-1.0054,-0.011759,0.0031845,0.0022274,0.36605,-9.243,0.28937,-36.23,1.7959,23.765,2.0846,-23.923
44.5,0.0042831,-0.00036673,0.0043864,-0.99318,-0.0037009,-0.0065571,0.0042638,-2.145,-5.0866,0.59447,-28.121,0.76194,18.86,-2.5874,-15.78,-0.0072937,-0.0048255,-0.0014792,-0.99681,0.0079771,0.0057846,0.0041472,-2.087,-8.2911,-0.93876,-33.996,0.15899,21.856,0.29145,-22.096
44.6,-0.0054459,0.011394,0.0067024,-1.0175,0.0088906,-0.0057891,0.0032194,1.5471,-4.9736,-0.79369,-30.477,-2.6932,17.135,-0.88449,-17.833,0.011213,0.0084903,0.0026429,-0.99404,-0.010282,-0.0037256,-0.0037143,-0.13054,-6.8235,1.3,-33.223,0.38826,24.072,0.48737,-22.14
44.7,-0.020687,0.019435,-0.011823,-0.99071,-0.0052415,-0.01479,0.0012309,-0.42552,-4.7632,-1.3574,-30.425,0.027614,18.354,-1.017,-15.746,-0.0072738,0.0047647,-0.023859,-1.0053,-0.0059232,-0.0039869,-0.0051913,0.37156,-9.4372,1.3112,-32.996,0.83777,20.293,-1.0138,-23.91
44.8,-0.017043,-0.0038285,0.002715,-0.99364,0.0024583,-0.0036355,-0.00076644,-0.14147,-4.5026,1.3755,-31.206,1.0699,17.234,0.48491,-16.837,-0.012658,0.013606,-0.0076501,-1.0049,0.0095787,-0.0053065,0.0084719,-1.1233,-7.4387,0.65024,-32.936,-1.3715,21.443,-0.4268,-24.261
44.9,-0.0031794,0.0037651,0.00023297,-0.99204,0.0013404,-0.00080693,-0.00068259,-2.0513,-4.1048,-1.2092,-30.761,0.61052,16.391,0.52208,-16.272,0.0055121,-0.012967,-0.0006409,-1.0051,-0.0011244,-0.0025549,0.0080008,-0.81934,-6.8847,-1.5075,-34.091,0.70719,22.138,1.4413,-23.926
45,0.0054646,-0.0015598,-0.012867,-1.0063,-0.0023899,0.002018,0.0011942,-0.27301,-3.4981,-0.088641,-28.798,2.2385,18.866,-0.5029,-16.86,0.011498,0.0003434,0.0037628,-0.99677,-0.0068616,-0.00030962,-0.0062286,-0.56759,-6.5369,-1.6387,-34.949,3.1058,22.816,0.27622,-22.69
45.1,0.0067569,0.0043348,0.0093667,-0.98337,0.011521,-0.011447,0.0039709,0.23732,-4.4348,0.18794,-31.586,0.46536,19.813,-0.59038,-14.733,0.00066614,-0.00081373,-0.0049909,-1.0034,-0.01033,0.0041931,-0.002636,0.33395,-7.4637,-0.68184,-35.608,-0.65689,21.517,0.18711,-23.136
45.2,0.0040135,-0.00028755,0.0057533,-1.0027,-0.0064143,-0.013641,-0.0049201,-0.50949,-4.9052,0.0055208,-28.925,-1.4974,16.797,-0.58034,-16.667,0.010716,0.0019986,-0.0033276,-1.0019,-0.005273,-0.0061405,0.0040798,1.4049,-8.5143,0.78816,-35.5,0.15899,22.555,-0.34575,-22.387
45.3,0.0045873,0.012176,-0.0071172,-1.0088,-0.0098072,-0.0016384,0.0021553,-0.085996,-5.2937,0.081532,-31.326,-0.18994,15.909,-0.12325,-18.049,0.0031405,0.0058009,-0.01125,-1.0013,-0.008888,-0.0058034,0.0018416,1.7138,-7.0877,0.29905,-34.69,3.1096,22.321,-2.0768,-25.993
45.4,-0.0012161,-0.00879,0.0034,-0.99433,-0.0034615,0.00157,-0.0044828,-1.3259,-6.0286,-1.2045,-29.997,-1.0875,17.469,-1.3958,-15.904,0.0061643,0.0086111,-0.010417,-0.99812,-0.0054446,-0.0064943,0.003256,-2.2535,-8.2858,0.6043,-35.379,1.0522,22.238,0.30477,-22.946
45.5,-0.00014162,0.0046373,0.002787,-0.99923,0.00029817,-0.0058607,0.0055539,-1.6826,-5.4235,-1.5298,-29.058,-3.1449,17.285,-0.59053,-17.341,0.0074894,0.0055875,0.0013223,-1.0096,-0.0024903,0.0017792,-0.0074524,-0.33474,-8.2441,-0.98475,-33.705,2.9803,22.004,0.93166,-24.235
45.6,0.0084386,0.0034851,0.0037747,-0.99955,-0.0029995,0.0071383,0.0035481,-0.78251,-5.1868,-0.62114,-31.889,1.7633,18.176,-0.99374,-18.644,-0.0039719,-0.025701,-0.0017989,-1.0039,-0.00044191,0.0043968,0.0047281,-2.4012,-8.6906,-2.0108,-33.856,1.7315,22.018,0.58932,-24.167
45.7,-0.011814,0.0067187,-0.016275,-1.0163,-0.0064593,-0.00049621,0.003181,-0.48563,-3.3536,-0.77032,-32.076,0.66809,17.523,-1.2974,-16.788,0.0096711,0.0061457,0.00024266,-1.0145,-0.0050668,0.00097508,-0.0069037,0.96951,-7.396,1.6008,-35.762,-1.6963,22.256,-0.81755,-24.847
45.8,-0.01981,0.00037922,0.0054951,-1.0038,-0.0041387,-0.003661,0.0017666,-1.8829,-4.275,1.3303,-31.295,2.4832,15.525,0.29007,-15.6,0.0093344,0.0067877,0.0054609,-1.0067,-7.9072e-05,-0.00049862,0.00036913,0.79999,-8.308,0.55862,-34.11,0.41998,20.897,-2.2787,-23.491
45.9,0.00085216,-0.008447,-0.0049974,-0.99989,0.0090304,-0.0011358,0.0031384,0.79703,-4.232,2.2477,-31.042,-0.51716,18.864,1.0571,-17.065,-0.010234,-0.0036293,-0.0030381,-1.0149,-0.0041302,-0.0055362,-0.0024879,1.4797,-9.01,0.80015,-34.104,-1.2206,23.549,0.90477,-23.929
46,0.028887,-0.019781,0.0030214,-1.0037,0.0003259,0.0044838,0.0010628,1.0471,-4.4532,-1.0489,-31.845,-0.65792,17.503,-0.91271,-17.058,0.0013368,-0.007018,-0.0086468,-1.0116,0.00039183,0.0031232,-0.0022435,-0.22728,-7.9358,-0.27844,-34.083,0.92388,23.465,1.7225,-22.848
46.1,-0.0014308,-0.016696,-0.015931,-1.0002,0.0045705,0.0063103,-0.0047706,-0.44628,-3.3227,-1.1074,-31.501,0.4942,17.65,0.46099,-16.867,-0.0061917,-0.0081507,7.2739e-05,-0.98147,-0.0056483,-0.0001691,5.9905e-05,-1.2447,-8.0728,-0.80571,-33.56,1.5951,22.848,1.0023,-23.291
46.2,0.0026088,0.010877,-0.0020372,-1.0146,0.007069,0.0046223,-0.0021381,-0.60174,-3.6588,-1.4852,-29.673,-0.66744,17.318,1.479,-17.042,-0.0054502,-0.0097391,0.01606,-0.99768,-0.002864,0.006872,0.00042247,0.53241,-8.4939,-0.36619,-36.772,1.0077,21.738,-1.0263,-23.57
46.3,0.0097554,-0.0062446,-0.020805,-1.0232,0.00097277,-0.0014315,0.00086301,2.5348,-5.849,1.0262,-31.927,1.5634,17.019,0.17532,-15.809,0.0099106,0.0088942,0.0038287,-1.0004,0.0040109,0.0056988,0.0012948,0.87097,-8.0472,0.36776,-34.663,-0.62502,23.346,0.22787,-25.182
46.4,0.00093916,0.0095538,-0.014701,-1.0013,0.0051991,0.00019332,-0.0013228,0.91147,-2.546,1.406,-31.248,-0.57914,18.218,-0.96685,-15.28,0.014884,0.0098676,0.0096553,-0.99953,-0.0030155,-0.0064036,0.0016599,1.0912,-7.3066,0.74135,-36.05,-0.2645,21.88,-0.25045,-24.094
46.5,0.0087309,-0.0044657,0.0096539,-1.0021,0.00057078,0.0054782,0.0021816,-0.44229,-3.9132,2.0671,-30.956,-1.656,16.504,-0.44027,-15.864,0.024715,-0.0036514,0.00074317,-0.99519,0.0019001,-0.0051231,-0.00048758,0.30776,-7.6853,1.0592,-33.26,-0.84149,22.083,1.6444,-23.205
46.6,-0.0091463,-0.0012322,0.011445,-0.99994,-0.0026233,0.0043895,0.0038936,0.27424,-2.8011,-0.82811,-32.398,0.43732,16.631,-0.19793,-16.279,-0.0055498,-0.010944,0.0071471,-1.0127,-0.0053861,-0.004221,0.0054572,-1.1425,-6.8476,-1.2285,-35.198,-0.77246,23.46,1.1526,-23.625
46.7,-0.0050268,-0.0086423,-0.00056186,-1.0116,0.0020457,-0.00025649,0.0072894,-1.4614,-5.144,-0.9148,-31.52,-1.0902,16.959,-0.59444,-17.721,0.00012744,0.0057745,-0.015042,-0.99546,-0.0082095,0.0010896,-0.0091732,0.16051,-8.7676,-1.1792,-35.868,-0.80967,20.185,-1.6171,-24.586
46.8,-0.0043058,0.00022484,-0.0095153,-0.98173,-0.0047362,0.0061638,-0.0010855,-1.298,-5.0631,-3.1274,-29.837,-0.29965,19.206,-0.71492,-15.963,-0.0097965,0.012405,0.014542,-1.0038,0.00023156,0.0052051,8.5932e-05,2.6606,-9.9551,0.88407,-34.244,-2.0225,21.505,0.55467,-23.853
46.9,-0.0099786,0.0080259,-0.021846,-0.98593,0.00078741,0.0020048,-0.0034594,1.5775,-5.0891,-1.4161,-30.64,0.41024,17.04,1.3441,-17.271,0.007927,0.0023002,-0.0069313,-0.9909,-0.0090985,-0.0041174,-0.0027599,-0.1271,-9.4348,-0.70692,-34.04,-0.22734,22.405,-1.1465,-24.413
47,0.0067889,0.0021182,0.016527,-1.0029,-0.006938,0.0051463,0.0061306,0.33603,-5.5703,1.3429,-32.792,-2.9548,18.176,-0.26667,-15.071,-0.016122,-0.00508,0.0038999,-0.99391,0.0022572,0.0052996,-0.0049659,-1.7742,-7.7512,-2.5765,-36.786,0.42679,22.363,-0.38813,-21.791
47.1,0.0096713,-0.0012649,0.01579,-0.98796,-0.007329,-0.0031289,-0.0069241,1.0743,-5.9129,-1.3713,-31.315,1.7568,17.129,-1.1552,-16.807,0.0040441,-0.0099123,0.029121,-0.9941,-0.010274,0.006401,0.006363,-1.4726,-8.5649,-0.03559,-34.589,0.32692,23.939,1.2148,-25.756
47.2,-0.0013688,0.0074273,0.0055811,-1.0159,-0.0042354,0.0081491,0.0064705,0.33726,-5.9691,-0.66567,-32.184,1.1209,16.618,-0.61079,-16.561,-0.0072618,0.0029452,0.0018728,-0.9867,-0.0014754,0.007742,0.0049974,-1.7252,-7.2013,-2.7878,-35.702,2.006,24.929,-0.90701,-23.221
47.3,-0.0032605,-0.0011904,-0.0080129,-1.0047,-0.0034345,0.00068907,-0.00052684,-1.9989,-4.9896,-0.55928,-31.031,0.14019,16.992,1.5206,-17.401,-0.0047056,-0.004595,0.0016982,-1.012,-0.0046616,0.0019363,0.005191,0.7323,-8.5833,0.76964,-34.935,-1.5421,23.642,-1.6399,-25.708
47.4,-0.0050551,0.0031818,0.021044,-0.98795,0.0070016,0.0040685,0.00063097,-0.48348,-3.8089,-1.2633,-30.652,1.1211,18.295,1.1436,-15.337,-0.019647,-0.0065997,0.0032389,-1.0159,0.00070557,0.00023379,-0.0064812,1.6119,-6.1834,-1.0093,-33.943,-0.17431,21.708,-0.67543,-24.528
47.5,0.009017,-0.0057291,0.004835,-1.0109,0.0082462,0.0035611,-0.0076051,1.2837,-3.8315,0.77727,-33.054,0.16071,18.204,-0.95305,-16.953,0.0032673,-0.00037079,0.0015402,-0.99567,-0.0027604,0.0015954,0.0045505,1.6776,-5.5877,1.5316,-36.275,-0.31815,23.703,0.024455,-23.583
47.6,-0.011754,0.0096536,-0.00024554,-0.99218,0.0021197,0.0047655,0.0015686,0.71782,-4.8296,-0.053579,-32.233,-1.4036,17.668,-2.0333,-15.582,0.014586,-0.00025799,0.013988,-0.99551,0.0037754,-0.0071524,-0.0029058,-1.7304,-7.136,-1.7355,-36.984,-0.08534,23.529,0.30967,-24.56
47.7,-0.0086499,0.0061836,0.0063878,-1,-0.0040201,-0.0052964,-0.0037717,-0.038127,-5.9084,-1.1334,-33.758,0.20501,18.04,-2.386,-16.937,-0.016235,0.0073279,-0.0068693,-1.0027,0.0083062,-0.0039717,0.00056708,-2.1234,-7.8399,-0.25465,-35.868,3.0747,24.991,2.0919,-22.802
47.8,-0.014413,0.0078838,0.011626,-0.99688,0.0019747,-0.0011155,-0.0016036,-1.5725,-5.9391,-3.1466,-30.519,-0.56454,18.157,-0.74628,-15.302,0.0074929,-0.010073,0.0035185,-0.99726,-0.0014567,0.0040511,0.0026503,-0.95166,-7.9169,-0.12813,-36.92,0.83391,22.068,0.76132,-24.227
47.9,-0.0057734,-0.0099009,-0.0079817,-0.9997,0.0021802,0.0043944,-0.0046392,0.48471,-4.9894,-0.77335,-30.909,4.0745,18.193,-0.36339,-16.909,0.0011719,-0.00027793,0.0074726,-0.99169,0.0048632,0.001453,0.0070144,1.4782,-8.8997,0.50576,-34.763,0.031328,23.211,0.44261,-23.63
48,-0.012111,0.0087783,-0.0057682,-1.0102,0.0027029,0.0034954,-0.0093207,-0.11248,-5.2808,1.3825,-30.453,-0.79865,17.608,0.70357,-16.314,0.00784,0.0093999,0.011053,-0.98962,-9.3006e-05,-0.00011207,0.00067177,-0.52457,-8.3228,-0.41891,-33.855,-1.1584,21.928,-2.4187,-24.559
48.1,0.0031868,-0.012232,0.020502,-1.0121,0.0020087,-0.0078658,0.0010355,-2.3147,-6.396,0.44002,-32.061,-1.3696,16.922,-0.3465,-16.967,0.0074799,0.0044581,0.00021652,-1.0037,0.0017766,-0.0062136,0.0064116,-1.3649,-9.4533,0.79033,-34.678,1.8965,22.737,0.63706,-25.029
48.2,-0.015324,0.0092922,0.0075071,-0.9851,0.0042235,0.0060855,-0.0047283,-0.2686,-3.6866,0.49129,-30.347,-0.063169,18.493,2.1889,-17.459,0.005195,0.015107,-0.0096155,-0.99203,-0.0074803,5.05e-05,0.0021055,-0.7575,-7.3116,-2.4581,-35.68,0.58261,21.69,-1.2969,-24.266
48.3,-0.013527,-0.015682,0.0085796,-0.98467,-0.0055139,0.0020589,0.010379,1.325,-3.1251,1.8579,-31.623,1.4952,18.341,1.0142,-15.111,-0.01158,0.00071429,-0.0033469,-0.99123,-0.0057234,-0.00062712,-0.0048515,0.20683,-8.8981,1.2702,-34.913,1.8902,21.962,-1.1562,-23.346
48.4,-0.010449,0.0070061,-0.0078181,-0.99967,-0.0016375,-0.00153,0.0044182,1.0526,-5.1413,-1.0265,-31.222,-0.86027,18.137,-0.50452,-17.574,-0.016559,-9.3433e-05,-0.018847,-0.99922,0.004437,0.0018666,-0.0087291,1.4901,-7.8879,-0.016632,-35.813,1.3055,20.852,-0.25777,-24.47
48.5,-0.024062,0.0062644,-0.010709,-1.0059,-1.7194e-05,3.5505e-05,0.0053652,1.39,-4.3355,-1.1332,-32.239,1.0359,18.303,-0.12725,-16.704,0.0092598,0.0034609,0.0080397,-0.9972,-0.0077526,0.0051247,-0.0034347,1.6436,-8.2431,1.6439,-35.556,-2.0033,21.983,-0.15319,-21.755
48.6,0.014426,-0.0025633,0.00401,-1.0137,0.0029499,0.0021367,-0.0018631,-2.408,-6.5135,-0.51307,-31.333,-1.2459,17.471,0.21543,-15.608,0.010385,0.019158,0.0041297,-1.0153,-0.00044836,0.0079413,-0.001774,2.8666,-8.0887,0.92292,-37.165,0.68145,22.926,-1.5017,-25.615
48.7,-0.0081381,0.0029457,-0.003089,-0.99741,-0.0020367,-0.0042385,-0.0016563,-1.14,-5.3694,-0.87474,-31.054,-0.33092,17.834,1.4335,-16.131,-0.0063518,-0.0056422,-0.0027675,-0.994,-0.0030381,-0.0032361,-0.00027264,0.070037,-9.1397,-1.7481,-35.271,0.48269,24.1,-0.87048,-22.992
48.8,0.0011244,0.011824,-0.028419,-1.0075,-0.00029445,0.00044913,0.00062754,-0.51351,-5.7352,0.24532,-31.006,-0.22174,17.672,-0.23984,-17.042,-0.0099366,-0.016535,0.0079626,-1.0096,0.0022476,-0.0029454,0.0082045,-0.58382,-7.5523,0.25026,-36.071,2.3641,22.182,-0.49128,-23.375
48.9,-0.025425,0.0041872,-0.013298,-1.0031,-0.0065977,-0.014123,-0.0079983,-0.70705,-5.8461,1.8168,-31.527,-2.021,17.797,-2.2843,-15.659,0.009132,-0.0072844,0.012019,-1.0038,-0.0010153,-0.012122,-0.0074108,0.17973,-7.8018,-1.7834,-34.694,0.71177,22.767,-0.29614,-23.326
49,0.0033163,0.018029,0.02217,-0.99271,-0.0060676,-0.0011466,0.0056143,-1.0087,-2.4303,-1.7747,-33.361,1.1188,18.659,0.21715,-18.736,0.0066828,0.0099457,0.0045384,-0.9996,-0.01138,-0.0035996,-0.00053175,1.0245,-7.085,-0.16541,-34.693,-0.24942,22.566,0.57311,-22.494
49.1,0.00075461,0.0089672,-0.0055709,-1.0004,-0.0062923,-0.005506,0.0041934,0.94197,-3.9564,-0.11081,-32.699,1.5114,16.482,-2.5171,-17.616,-0.0018483,-0.014682,-0.0072196,-1.0241,0.016052,0.00077096,-0.0045669,1.7628,-7.5569,-0.026187,-35.477,-1.3091,22.904,-0.21239,-24.405
49.2,0.01175,0.01545,-0.0047405,-1.0011,0.00014193,-0.012183,-0.009275,-1.3109,-2.9577,-0.82327,-33.645,0.40437,17.871,0.80776,-16.611,0.020732,-0.014701,-0.013978,-0.98913,-0.0026153,-0.0080409,-0.0034893,-2.456,-5.853,0.70446,-35.506,1.3582,22.195,0.64197,-22.624
49.3,0.017646,0.010977,-0.011437,-0.99416,0.0017976,-0.0033889,0.0079426,-1.5575,-4.1812,-0.93942,-31.509,-1.0822,16.921,-0.39664,-15.816,-0.0017194,0.0048038,-0.0078711,-1.0056,0.0057574,-0.0055307,-0.0017366,-2.5239,-7.5555,-1.8339,-33.971,2.1284,23.296,1.4288,-23.195
49.4,0.0024703,0.019718,-0.0027118,-1.0135,-0.0031837,0.0016337,0.0053351,1.5002,-4.1062,1.7899,-31.205,-1.1551,18.24,0.14492,-17.071,0.0012996,-0.0033299,0.013303,-0.99303,0.0035588,3.2649e-05,-0.010485,1.281,-9.1412,0.10919,-36.022,-2.0413,22.302,-0.91206,-23.074
49.5,-0.0015876,-0.0064025,0.0057939,-1.0039,-0.0051547,-0.0075223,0.012358,1.2633,-2.9035,1.2355,-32.588,0.86923,18.507,-0.073878,-17.949,0.016648,-0.0075921,0.00019168,-0.99864,-0.002725,-0.00038492,0.00040931,1.7607,-7.2597,0.56817,-34.931,-0.13393,21.729,-2.1906,-24.432
49.6,-0.00020389,0.0082562,-0.0046647,-1.0138,0.0086556,0.0035346,-0.0019134,-1.0976,-3.4738,-0.39508,-31.825,-0.48939,18.572,1.7429,-15.772,0.0037622,-0.010807,-0.011524,-0.99711,-0.0078762,0.0023262,0.010946,0.019612,-6.3292,0.27304,-36.598,-0.14809,23.311,0.79177,-24.791
49.7,-0.00059566,-0.010654,0.0025594,-1.0063,0.00056241,0.0013036,0.0055345,-0.038113,-6.3072,-0.34102,-31.788,-0.042903,17.549,0.52032,-16.586,-0.0022229,-0.0072885,0.0011859,-1.0026,0.00077686,-0.0029292,-0.0032039,-0.57205,-8.4902,0.060922,-36.648,1.4407,23.781,2.7131,-23.968
49.8,-0.018859,0.0061523,-0.0079345,-1.0024,0.0015439,0.0030045,0.0014932,1.2273,-4.9427,-0.54486,-32.688,-0.2163,18.603,0.035978,-15.878,-0.021739,-0.0032399,-5.2224e-05,-1.0101,0.0044654,0.00025731,-0.0031463,-0.61677,-7.575,1.3169,-36.627,0.54016,23.392,0.25624,-21.989
49.9,-0.0055473,0.0051659,0.0016023,-1.0149,-0.0054945,0.00018747,-0.010607,-0.1686,-5.144,0.16787,-32.351,0.81244,17.216,1.6216,-17.34,0.0091223,-0.011348,-0.0061086,-1.0045,0.0025972,0.0040798,0.0021647,0.13337,-6.8848,0.81828,-35.638,0.68587,21.215,-0.17431,-24.819
50,-0.010324,0.00945,0.0016625,-1.0154,-0.0044263,0.00048735,-0.00082873,-0.82924,-3.0367,-1.9645,-34.924,0.14472,16.046,0.91961,-16.455,-0.0043552,-0.010448,-0.0054368,-1.0062,0.0046161,0.0060696,0.0026046,0.95932,-8.5803,0.73348,-34.061,-0.16652,23.28,-0.41385,-22.706
50.1,0.00092413,-0.010956,0.013428,-1.0063,-0.00018368,0.002943,0.0092663,-0.87856,-1.7288,-0.45368,-31.783,1.0968,18.752,-0.74082,-15.321,-0.0049528,0.021576,-0.0040945,-0.99005,-0.0047412,0.0011367,0.0014366,0.17155,-5.6841,0.057914,-35.446,0.072137,22.732,-0.40886,-22.747
50.2,-0.005804,0.012892,-0.0048118,-1.0073,0.0021157,-0.0011578,0.0053395,-1.3072,-6.1604,-1.3597,-33.659,0.59525,17.642,-0.00093842,-15.432,-0.01871,0.0050606,0.0026906,-1.0132,-0.0037996,0.01271,0.015798,-1.0151,-5.8848,-1.1508,-36.024,1.3743,22.139,-0.74437,-23.258
50.3,-0.0035552,0.011931,0.0012837,-1.0045,-0.0050031,-0.0080365,0.001342,0.84628,-3.1944,-0.72424,-31.088,-0.40708,19.437,-1.0389,-17.466,0.00059553,0.0083625,0.0028382,-0.97958,0.00060531,0.0040584,-0.0025333,0.59925,-7.026,1.0508,-34.802,-1.0425,22.755,0.36368,-22.381
50.4,0.004754,-0.0073581,-0.0022403,-1.0111,-0.0032512,-0.0017434,0.00053344,0.20805,-1.8836,1.0972,-32.612,-1.334,16.724,-1.6756,-17.1,-0.0078129,-0.0090413,0.0068668,-0.99522,-0.0023723,-0.0045795,0.00024067,-2.209,-8.0286,0.50981,-35.058,-1.4701,23.495,-0.3763,-23.236
50.5,0.011912,-0.003186,0.010356,-0.99047,0.0050342,-0.00746,0.0052839,-2.024,-3.2543,-1.2872,-33.326,0.10862,17.66,1.0001,-17.565,0.0055373,0.00040275,-0.0038065,-0.99324,-0.00062602,0.005157,-0.0042719,0.27741,-6.4047,-0.92496,-37.971,-0.07467,24.243,-0.72931,-23.11
50.6,0.0020787,0.0060773,0.010894,-0.98407,0.0077826,-0.0045514,0.0074454,0.4753,-4.9251,-0.29899,-33.581,0.03853,17.552,0.43946,-17.112,-0.013713,-0.0018101,0.025491,-1.0268,0.00015376,-0.0032129,-0.0041408,0.18024,-7.7454,-0.13678,-35.459,0.86724,23.002,0.79078,-23.526
50.7,-0.0044735,0.020144,-0.0080282,-1.0029,0.0017158,0.0020877,-0.0093315,-0.75167,-2.8313,-0.91756,-33.302,-0.87264,17.449,-0.9244,-15.603,0.0071383,-0.0047111,-0.0012016,-0.98802,0.0052554,0.0090268,-0.0021144,-0.24095,-8.9173,-1.4515,-34.087,1.3253,23.021,1.9745,-23.848
50.8,0.011546,-0.01122,-0.010191,-1.0058,0.0023797,-0.0050468,0.00655,-0.72342,-4.2235,0.47159,-33.844,0.74697,17.253,0.94524,-17.145,0.0023524,-0.009882,0.019927,-1.0244,0.0055383,0.0040916,-0.00078704,-1.0289,-8.058,-0.22819,-36.791,2.0023,22.802,-0.86295,-21.493
50.9,0.0050731,0.011145,0.0089756,-0.99706,0.0026347,0.00072101,-0.0065873,0.81369,-3.7529,1.6828,-33.152,-0.13837,19.974,-2.0044,-14.384,0.0043949,0.0021293,-0.0029087,-0.9971,0.0050288,-0.003244,0.0056602,-1.3031,-7.9227,0.26946,-37.654,0.27095,21.701,0.69209,-23.007
51,-0.0075632,-0.0043568,0.0032716,-1.0094,0.00089735,0.0059681,0.0034332,0.6003,-2.4888,-0.66639,-30.925,-2.47,17.365,-0.97926,-17.936,-0.0076315,0.0072453,-0.0078914,-1.002,0.0012166,0.0060383,-0.011566,-1.0613,-6.7414,0.29168,-35.509,-0.39277,21.34,-2.245,-21.862
51.1,-0.00049068,0.015131,0.0082089,-1.008,-0.004726,-0.011,-0.0027141,-0.92391,-3.7061,1.3324,-33.99,0.66445,17.247,1.1835,-16.253,0.014737,0.017155,-0.0044791,-0.99392,0.0015317,5.6875e-05,-0.00069251,1.1833,-7.9986,-1.3692,-36.125,0.94256,23.492,-0.13277,-24.135
51.2,0.0047523,-0.0063067,-0.012553,-0.99539,-0.017656,-0.01058,-0.0012338,-1.3935,-5.5043,0.8966,-30.387,1.7578,19.8,-0.23038,-16.591,0.00625,-0.0018773,-0.013893,-0.99802,-0.0021469,-0.001174,0.0046762,-0.30581,-7.0423,-0.2,-37.063,0.64254,24.387,-1.6501,-23.793
51.3,-0.010764,-0.029043,-0.018126,-0.99641,0.015578,0.0040375,0.0027211,-1.7229,-5.9356,-0.92875,-32.35,0.098716,20.389,1.9182,-16.879,-0.01074,0.0072562,0.0096128,-1.0031,0.005365,-0.0083265,-0.0063331,-0.14619,-6.8008,-1.6046,-37.634,2.3227,22.765,2.3781,-20.287
51.4,-0.00075568,-0.0038713,0.0076428,-0.99982,-0.0030615,0.0096689,-0.0010821,0.37562,-3.2991,2.0761,-32.604,0.043712,17.989,-0.61111,-16.78,-0.014903,-0.00050136,-0.019342,-0.98735,0.0050629,0.0039911,0.0028053,-0.01542,-8.3431,0.69954,-36.044,-0.74639,23.408,-1.7178,-21.401
51.5,-0.024305,-0.0053137,-0.0012688,-0.99752,0.0053443,0.00082497,0.0040385,2.7107,-5.1735,0.46531,-32.501,-1.0693,18.088,-2.1618,-17.597,0.002196,0.0081236,-0.0077036,-1.0091,-0.002017,0.0048296,0.0038244,0.84053,-7.9278,0.42803,-36.42,-0.91305,22.624,-1.559,-24.301
51.6,-0.0013354,0.0074496,-0.013753,-0.9976,0.0057683,-0.0046799,-0.0013514,1.8282,-3.1718,1.603,-32.781,-0.63487,17.593,-1.1043,-18.397,0.00055028,0.0041602,0.0039746,-1.0091,0.0029763,-0.010455,0.00073859,-0.68719,-6.5533,-0.51408,-34.855,0.17212,22.063,0.41609,-24.918
51.7,0.010196,0.006723,-0.0047328,-0.99058,0.0063242,-0.010525,0.0055088,-2.132,-3.0322,-1.7014,-31.636,-0.78581,17.735,-0.54885,-16.885,0.0087687,0.0029149,0.003671,-1.0018,0.0027436,0.0014879,-0.0019001,-0.38011,-7.3165,0.25745,-35.957,-0.66703,22.354,1.5552,-24.629
51.8,0.0029721,0.015283,-0.01152,-1.0148,-0.0069325,0.0022125,-0.0003588,-2.4196,-4.9753,-0.60432,-34.057,-0.68469,17.852,-0.22071,-19.316,-0.0022073,0.0073753,0.0032985,-1.0068,-0.0015831,-0.0068196,0.00011955,-1.7471,-5.8743,-1.102,-36.228,1.5197,21.706,0.60186,-23.349
51.9,0.014389,0.0040156,0.00056111,-0.99155,0.0056034,-0.00072649,-0.0059132,0.15753,-3.8331,2.0238,-32.704,0.89746,17.767,2.2117,-16.977,0.017701,0.020478,-0.0011506,-0.96902,-0.002014,0.00021819,0.0076397,1.6035,-6.4875,-0.33094,-38.119,-1.3589,22.962,-0.67949,-23.054
52,-0.018447,-0.0053925,0.0079041,-0.9936,0.0061415,0.0010438,-0.0057066,0.53133,-2.1889,-0.067942,-35.157,1.3422,18.074,0.59105,-15.343,0.0045317,0.015882,-0.00019402,-0.99874,-0.0075814,0.011764,-0.0050549,-1.1138,-7.9721,0.5927,-35.13,-1.9013,22.191,-1.0998,-21.611
52.1,-0.023764,-0.015974,-0.0086961,-0.99188,-0.0016685,0.0021814,-0.0011713,0.31274,-4.036,-0.35117,-32.323,-0.64254,17.804,-1.8171,-16.94,0.0012108,0.017254,0.013449,-0.98273,-0.0085968,-0.00017747,-0.0050137,-0.5363,-6.0019,-0.88335,-36.623,-0.072792,22.532,1.2215,-23.06
52.2,0.006086,0.014627,-0.0019901,-1.015,0.0055046,-0.00015975,-0.00095965,1.8265,-3.9286,1.2862,-34.05,-2.0858,19.639,-0.68814,-18.839,0.011855,0.0061873,0.0060517,-0.98269,-0.0022141,-0.0066722,0.0069624,-1.0211,-8.5601,-0.87419,-36.658,1.0654,21.596,0.64312,-22.542
52.3,0.0093039,0.0042814,-0.00076198,-1.0182,-0.005908,-0.0090547,0.0023645,-0.87507,-3.6391,-1.3473,-32.153,0.18981,17.73,-1.2191,-16.976,-0.01398,0.0017157,0.0040935,-1.0061,-0.019041,-0.0018493,-0.0055258,-1.0151,-7.9912,-1.5428,-38.21,1.4613,23.406,0.57277,-22.7
52.4,-0.0067801,-0.0045647,-0.010318,-1.006,0.0026966,0.0014275,0.0023925,-1.881,-3.9027,-0.82699,-33.146,-1.7665,19.158,-0.85574,-18.663,-0.0074176,0.017128,0.010422,-0.99101,0.0043605,0.005317,0.002083,0.31363,-6.4253,-0.65718,-35.879,0.74031,22.401,-0.79143,-21.894
52.5,0.012544,0.010973,-0.015015,-1.0164,0.0055969,0.0022105,0.0030346,-1.4626,-4.7692,0.59294,-32.695,-0.078619,19.833,1.0534,-18.09,0.0074238,-0.0010165,0.00065511,-1.0033,0.01012,0.002834,-0.0044089,0.62452,-6.8554,-0.97869,-35.206,-1.9572,21.711,-1.594,-20.876
52.6,-0.0043309,0.021718,0.0058107,-0.99819,-0.0036349,-0.0034216,0.0076928,-0.91586,-3.7795,-0.37509,-33.018,-0.75943,19.824,0.63164,-16.085,0.0059568,0.0137,0.00729,-0.99949,0.0004563,-0.0073838,0.0012728,-0.84467,-6.5307,0.8395,-37.095,2.0605,21.353,-0.82258,-21.773
52.7,-0.0077526,-0.0065004,-0.0056373,-1.0046,-0.0022995,0.00082781,-0.012795,-1.191,-3.5938,0.5922,-33.841,-0.9197,17.51,-2.5552,-16.471,-0.012228,-0.0051345,0.0099914,-0.99171,-0.0054375,-0.00026004,-0.0003287,-0.52343,-7.0235,-0.83896,-35.305,0.40812,22.865,0.22611,-21.262
52.8,0.0044376,-0.0030075,0.01331,-0.99626,-0.0016357,0.0017587,-0.00058274,0.44097,-4.9522,1.0526,-33.14,-0.1451,18.97,-0.34166,-17.406,-0.0050796,-0.0006773,-0.0058233,-1.0016,-0.0068764,0.0012353,0.0030393,-0.46203,-6.7594,-0.88698,-36.879,0.12537,23.392,1.7486,-21.435
52.9,-0.010893,0.0022385,-0.015806,-0.98494,-0.0081477,-0.0058306,0.0023725,-1.2713,-2.808,-1.1241,-32.893,1.192,18.733,-0.22591,-18.217,0.019717,-0.0017839,-0.016275,-0.99615,-0.006381,-0.0030239,-0.0013168,-0.98165,-7.8095,0.70536,-36.127,0.37974,21.599,0.37622,-21.444
53,0.0058705,-0.0040274,0.012819,-0.99886,-0.0029134,0.0012725,-0.0036776,-1.0669,-4.261,-2.0375,-35.525,-1.5764,19.818,-0.71751,-16.903,0.00017064,0.0033032,-0.0018014,-1.0216,-0.0017996,-0.0076305,-0.00042842,0.80359,-5.7341,2.1709,-37.065,-1.4044,23.06,-1.2442,-22.382
53.1,-0.0038675,-0.010622,-0.018251,-1.0035,0.0075718,0.00023023,-0.0054019,-0.85598,-4.177,-2.3982,-33.905,0.53066,17.311,1.8677,-16.725,-0.0022623,0.009767,-0.0047545,-1.0017,0.0010774,-0.0027298,0.00036785,0.015764,-5.3291,-1.5323,-36.33,-0.72135,21.678,0.9124,-22.056
53.2,-0.014025,-0.0079615,0.00023472,-1.0102,0.0080682,0.0031586,0.0069099,0.69558,-3.5902,1.9785,-34.795,-0.10176,19.356,0.015285,-17.834,0.0023902,-0.0044159,0.014041,-1.0139,0.0082482,-0.0033289,-0.00029319,-0.042597,-7.6632,-1.8909,-36.643,0.21831,22.865,2.4717,-22.113
53.3,-0.0067546,0.0095191,-0.018314,-0.99499,0.004721,0.0055415,0.0059704,0.18989,-3.0091,1.5151,-32.968,-1.4107,19.154,-0.94081,-18.269,0.0099464,0.0030895,-0.0042146,-0.99358,0.0042672,0.0030361,0.0033725,-0.39132,-7.2367,-0.15733,-38.598,1.3332,23.71,0.69306,-22.054
53.4,0.00050431,-0.002426,-0.00038695,-0.9981,-0.0016694,0.0050554,0.00011091,-0.68181,-3.5333,1.4808,-34.015,-0.6493,18.786,-0.63433,-17.261,0.011072,-0.0039667,-0.0062999,-1.0037,0.0013702,-0.0038943,-0.0054527,0.08219,-7.9695,-2.5207,-38.405,0.28667,22.347,-0.055715,-22.673
53.5,0.0054213,0.00079884,-0.0012469,-1.0066,-0.0077467,0.00034828,0.0009442,-0.10148,-3.2711,-0.81467,-33.843,0.7635,19.582,-1.0951,-16.925,0.0011076,0.01345,-0.001813,-1.011,-0.0065002,0.0024209,0.0047662,0.32265,-6.0872,0.834,-37.048,-1.2235,22.738,-0.83199,-22.159
53.6,-0.0028118,0.0049623,0.00029558,-0.99211,0.0020709,0.0039454,0.0084104,-1.8481,-4.3977,0.26075,-33.799,1.2313,19.426,2.131,-18.95,-0.012397,-0.00023321,0.016602,-1.0082,-0.0047627,0.0026149,-0.0068094,0.24772,-6.3099,-1.4001,-35.313,0.74811,23.052,-2.0493,-23.248
53.7,-0.017573,0.0044719,-0.0036129,-0.99388,-0.0033953,0.0025234,-0.0039935,1.3712,-3.5421,-0.085015,-34.12,0.54462,19.298,-0.79075,-17.704,0.017187,0.0044372,-0.00034313,-0.99267,-0.0010022,-0.0029561,-0.0065085,-0.88853,-6.7578,-0.92166,-36.864,0.88031,22.508,1.2276,-21.349
53.8,0.014454,-0.015665,0.016316,-0.98574,0.00095994,0.0037188,-0.007597,2.0683,-5.765,-0.37389,-32.071,-0.3536,19.641,-0.87069,-17.986,-0.003673,-0.00894,0.0055845,-0.98126,0.0093235,0.0013148,0.0059063,-0.62809,-6.1569,-1.85,-37.25,-0.5902,20.785,0.17732,-21.764
53.9,0.014315,-0.0085893,-0.0017411,-1.0008,-0.00057013,-0.0041771,0.00784,0.88183,-6.5877,0.2046,-32.912,1.3527,18.356,-1.4021,-16.987,0.011991,-0.0024084,-0.0012953,-1.0064,-0.001022,-0.0035828,0.00025572,0.50285,-5.7139,0.46452,-37.085,-0.60915,21.258,1.3933,-22.445
54,-0.0035469,-0.0023699,-0.0056529,-0.99374,-0.0040867,0.00050008,-0.006472,1.3583,-4.2705,-1.0185,-34.086,-3.0341,19.047,0.71364,-16.579,-0.014105,-0.0074602,-0.006686,-0.99807,0.0046127,0.00062557,0.0047849,1.2377,-7.4107,0.6043,-37.483,0.53266,22.414,-0.15672,-22.316
54.1,0.00064617,0.026548,-0.0045263,-0.99966,-0.0061798,-0.0033957,0.0061094,-1.648,-5.9512,0.20579,-35.308,0.81936,19.426,0.94035,-19.002,0.0016116,0.0067657,-0.0044404,-0.98603,-0.0068547,-0.0093841,-0.0046119,0.40233,-6.8687,1.0062,-36.417,-0.62213,22.334,0.020781,-22.618
54.2,-0.018678,-0.007679,-0.0041318,-0.98623,9.2603e-05,0.0018134,0.00052599,0.58833,-2.9029,0.23763,-33.844,-0.66723,18.957,-0.67277,-16.985,-0.0014001,-0.00521,-0.0054583,-0.97993,-0.0032907,-0.0027443,0.0001072,-2.2588,-6.9546,-0.22187,-39.058,-0.32318,21.577,1.8259,-20.167
54.3,0.021586,0.00096451,-0.0027238,-0.99656,-0.0035871,-0.0066486,-0.0089836,0.12517,-3.3905,0.63731,-37.181,-1.2161,19.891,0.69524,-19.534,-0.0056392,0.024212,0.0047709,-1.0051,0.013221,-0.0064682,-0.0066215,-1.608,-8.9183,-2.4275,-35.328,1.7688,21.85,-0.58057,-22.464
54.4,0.016057,0.0034988,-0.014652,-0.9953,0.0051354,-0.0022168,0.005687,-2.9626,-4.3889,2.3309,-34.864,0.41381,17.279,0.17988,-17.525,0.012759,-0.0065838,0.013287,-1.0097,-0.0033596,0.0047654,-0.0034181,0.44134,-6.5072,1.9023,-36.784,-0.78635,22.352,1.1469,-21.706
54.5,0.0028202,-0.017365,0.010522,-1.0019,-0.00020389,-0.0040042,-0.0011572,0.21877,-4.3857,0.47184,-33.812,-0.51041,20.747,0.51212,-17.446,-0.013038,-0.011496,0.014095,-0.98831,-0.0022037,-0.0023996,0.0037463,1.7017,-6.5397,0.40367,-36.396,-0.99316,22.205,-1.4268,-22.077
54.6,-0.014322,0.0088392,0.0072988,-0.98855,0.0042166,-0.001259,0.0090012,0.46789,-5.5401,-1.9345,-34.145,0.64503,18.655,1.8043,-17.315,0.032164,0.00049389,-0.0011425,-1.0005,-0.0045536,-0.0006978,-0.00077758,1.3342,-4.2919,1.5877,-38.67,0.52508,22.464,-0.4994,-20.356
54.7,0.00054987,0.0055196,0.020413,-0.99102,0.0048133,0.0021185,-0.0028446,-0.039657,-3.2489,-1.3246,-33.025,1.8246,18.594,-0.98539,-17.194,1.5435e-05,-0.015721,-0.032653,-0.99459,0.0037007,-0.00195,0.0037902,-1.8176,-4.8689,-1.0474,-35.982,-1.3338,23.06,0.14409,-23.331
54.8,0.0015982,-0.0048517,-0.013817,-0.99702,-0.00099504,0.0046118,-0.0010678,0.9114,-3.4851,-1.5589,-34.738,0.20599,19.148,-0.54711,-17.988,-0.0077586,0.020849,-0.016572,-0.98549,-0.0029195,0.0010377,0.00069373,-1.6398,-6.405,0.70291,-37.754,-0.011151,21.459,1.0922,-21.462
54.9,-0.0084121,0.0015348,-0.0013479,-1.0038,-0.010195,0.0064672,0.0056487,-0.364,-4.0409,0.98253,-33.6,1.7339,19.758,1.3176,-17.301,-0.025131,0.0054978,0.0091442,-1.0122,0.0041106,0.0014186,0.00092662,2.1889,-5.8033,-0.54198,-38.404,0.0090359,22.183,-0.41392,-21.282
55,0.0070604,-0.0071928,0.0038134,-1.0184,-0.0015643,0.001035,0.0086398,-0.16145,-3.8668,-0.42864,-34.894,1.3411,18.293,-0.2411,-17.334,-0.0058369,0.0083374,-0.0034653,-0.99167,0.0015833,-0.00050977,-0.010329,2.7032,-7.1287,1.5993,-37.539,-0.72045,21.274,-2.2874,-21.905
55.1,-0.0034385,0.010551,0.0096103,-1.0178,2.898e-05,0.003741,-0.0035806,1.7288,-2.61,-2.0874,-34.843,1.2161,19.045,1.0202,-17.059,0.0081089,-0.0012877,-0.0045541,-1.0081,0.0030742,0.0051705,-0.0033187,1.3098,-6.4868,-1.126,-35.662,-1.8435,22.331,1.5929,-20.311
55.2,0.0050373,0.010906,-0.0016256,-0.98512,-0.0041962,-0.0075941,-0.010102,-0.5835,-5.0216,1.2724,-34.706,0.082215,19.005,0.61322,-16.713,-0.002285,-0.0033806,0.016954,-0.97964,-0.0052776,-0.0010186,-0.0065027,-0.33212,-5.3622,0.85126,-35.429,0.21521,22.723,1.1038,-20.974
55.3,-0.0074976,0.020394,-0.0079083,-1.009,0.0088879,-0.0062574,-0.0057299,2.0797,-4.4427,0.79881,-35.847,1.6701,18.312,0.91736,-16.934,0.0049701,0.0083213,0.0033232,-0.99477,-0.0014087,0.0043656,-0.0045311,-0.72253,-7.4096,-0.9448,-39.149,-1.2195,21.503,0.60743,-22.027
55.4,0.013428,-0.0045591,0.0056646,-0.99799,-0.0048104,-0.00043203,0.0040141,2.679,-4.5058,0.035007,-35.107,0.48446,17.896,-0.05679,-16.952,-0.0014513,-0.016487,0.0092661,-1.0068,-0.0093631,-0.0030997,0.0053463,0.57495,-5.0457,0.14002,-36.856,-1.3964,22.225,-0.84848,-20.572
55.5,-0.00072865,0.00040965,0.0097772,-0.98699,0.0029683,-0.0072822,-0.0018196,-0.55824,-3.7861,-0.63585,-34.274,1.8983,20.064,0.033796,-16.939,-0.002895,0.0069543,-0.0065079,-1.0169,-0.0022238,-0.0055844,0.0012702,2.0149,-6.3635,-0.32599,-35.764,-1.4564,21.867,1.2457,-19.851
55.6,0.012586,0.019987,-0.0089113,-1.0108,-0.0055642,0.004822,0.0053912,-2.2427,-5.9451,-0.35676,-32.832,1.0569,18.066,1.4692,-17.06,0.0063281,-0.0049961,-0.00869,-1.0145,-0.0047856,-0.0016696,0.0036633,0.60304,-6.3618,0.49758,-35.292,-1.0816,22.669,0.51101,-22.499
55.7,-0.0033994,-0.005561,0.0049436,-0.99395,0.0049312,0.0062996,3.5206e-05,-0.87798,-4.6821,-2.0486,-35.259,0.92692,18.923,0.40431,-16.485,0.015296,-0.0048367,-0.0096408,-1.0052,0.0018323,-0.00060196,-0.0080597,-1.5255,-6.217,1.1353,-37.694,0.008176,22.547,2.0286,-22.564
55.8,0.0047569,0.013044,0.010638,-1.0007,0.0013068,0.0074094,0.0030705,-1.4378,-4.0753,-1.4664,-36.011,-2.3472,17.933,-1.1509,-18.331,0.016886,-0.0014796,0.00026002,-0.99395,0.0066564,-0.006366,0.0050525,-1.2627,-5.6941,-0.95548,-36.725,2.5253,21.327,0.84651,-20.357
55.9,-0.014318,0.0045788,-0.012252,-1.0157,0.0013153,0.0039472,0.0048126,0.88147,-3.2632,-0.94457,-34.963,-1.26,20.103,-0.65212,-15.762,0.0026607,0.0021951,0.0078943,-1.0263,0.00737,0.006523,-0.0022173,1.0793,-6.5072,-0.068146,-37.381,-0.91581,22.708,-0.4459,-21.009
56,0.00478,0.0039767,-0.012922,-1.0123,-0.0023327,0.0036567,0.0074967,1.9266,-4.8614,0.63526,-34.693,0.43835,18.185,1.6969,-14.896,-0.0053688,0.0046274,-0.0030375,-1.0029,0.0014916,-0.0063686,0.0017652,0.94018,-7.401,3.1119,-39.24,-0.58435,21.753,-0.63837,-20.883
56.1,0.023507,0.00090618,-0.009113,-0.99425,0.00017126,-0.0084112,0.0067627,-0.74586,-4.5368,-0.65081,-34.006,-1.3412,19.551,0.48096,-18.456,-0.0038883,0.017753,0.00069667,-1.0061,-0.011743,-0.00072852,0.0023986,1.5161,-5.8123,1.4581,-38.738,0.80816,22.489,-0.85253,-21.096
56.2,-0.00012518,-0.0039507,-0.00093949,-0.99243,0.015274,-0.0047337,-0.0076747,-2.2464,-3.2976,0.67568,-32.984,1.0873,18.282,1.502,-15.66,0.016575,0.0053862,0.0077422,-0.99816,-0.004397,-0.00077703,0.00057716,0.10107,-6.0183,-1.984,-37.535,-0.57292,21.154,0.94677,-23.576
56.3,0.0063022,0.0095537,0.0046728,-0.99402,0.0065808,0.0037983,0.0059155,1.3558,-3.9395,-0.74226,-33.93,0.52646,18.716,-0.86612,-17.211,0.0059505,0.0085846,-0.0034776,-1.0109,-0.0063571,-0.010187,-0.011781,0.43578,-6.4506,-0.48238,-37.975,-2.2244,22.42,-1.7173,-20.26
56.4,0.0044953,0.004938,0.0050605,-1.0118,-0.0074806,-0.0026091,0.0027764,2.5744,-2.5612,-0.74592,-35.595,-3.1205,19.22,-1.0956,-16.866,-0.0092857,-0.012798,-0.015663,-1.0217,0.0036272,0.002658,-0.0044267,-1.1293,-6.8986,-0.01864,-38.812,1.2061,22.178,-3.2441,-19.96
56.5,0.00074052,-0.0048581,0.00071262,-0.98882,0.0025224,0.0084604,-0.0005166,-1.4723,-1.7213,-0.93261,-35.01,0.73061,18.891,-1.7498,-17.554,-0.0077261,0.012565,0.00034371,-1.0002,-0.0033503,-0.0043181,0.00027861,0.6601,-6.4083,-1.0342,-37.988,0.77165,23.379,-1.4357,-19.264
56.6,0.0069265,0.011314,-0.0071916,-1.0183,0.0030008,0.0037175,0.0015923,-0.50406,-3.8867,-0.85996,-34.499,0.4318,19.064,1.6962,-17.105,0.0034615,-0.0065465,0.0029522,-1.0298,0.0076399,-0.0064268,0.0089403,-0.63369,-7.4226,0.15469,-36.952,0.97583,23.582,-0.46676,-22.17
56.7,-0.0025018,0.0093975,0.001602,-0.99841,-0.0072038,0.0051768,-0.00014103,-0.55537,-4.9526,-3.0325,-34.983,1.5335,19.498,-2.1567,-17.221,-0.026534,-0.0019589,-0.008888,-0.99665,0.0014935,-0.0050438,-0.0039771,-1.1624,-8.0303,-0.61308,-37.985,1.0021,22.197,-0.79684,-21.137
56.8,0.015117,0.0017387,0.00024299,-1.002,0.0058241,-0.0067189,-0.0068678,-0.33959,-4.2459,0.35274,-36.424,0.34325,19.342,-1.691,-16.7,0.0025121,-0.017558,0.0044945,-1.0086,-0.0095566,0.00045849,-0.013973,-0.81355,-7.3186,-0.043395,-36.11,1.0825,22.864,0.90951,-19.024
56.9,-0.0051095,-0.00085726,-0.0086235,-1.0102,0.0096735,0.00086438,-0.0057065,1.2252,-5.4273,-1.2264,-35.121,0.50475,21.139,-0.84692,-18.328,-0.021486,0.010955,0.00026578,-1.0098,0.0019763,0.0045054,-0.004729,1.5035,-5.446,-0.23981,-36.982,0.13437,22.041,-1.6695,-18.123
57,-0.016019,-0.014314,-0.0045526,-1.0046,-0.0077087,0.0018971,-0.0014123,0.13267,-3.959,-0.023299,-36.306,2.0977,19.786,2.3325,-18.436,-0.013061,0.0097965,-0.024056,-0.9843,-0.0027656,-0.0098624,0.005645,-1.4094,-4.4966,0.47376,-36.957,-1.097,21.992,-2.8874,-21.812
57.1,0.0023321,0.0061221,-0.015256,-1.0065,0.00060956,0.0084381,0.013451,-1.367,-2.8599,-0.95748,-34.916,0.55903,20.042,2.1389,-15.226,0.013086,-0.0026735,0.00078,-1.0248,0.0040651,0.0013812,-0.00090142,0.012646,-6.3378,0.501,-36.748,-1.2347,22.2,0.75656,-20.925
57.2,0.0052502,-0.0082755,0.0072561,-1.0046,-0.0014201,0.0010864,0.0014232,-0.17464,-2.5762,1.574,-34.438,-1.0355,19.675,0.19335,-17.474,-0.018448,-0.0012142,-0.0065048,-0.99046,0.0020929,-0.0011976,-0.0053639,0.20354,-6.8438,-0.48573,-38.607,-0.32038,22.247,0.65913,-20.412
57.3,0.010201,0.0033909,0.0092518,-0.99583,-0.0011409,-0.0024254,0.0033343,-0.54601,-4.725,0.38353,-35.794,0.93998,18.654,-0.95171,-14.689,0.0055165,0.0072602,0.018645,-1.0254,-0.0058535,0.0048541,0.006084,-2.2048,-5.8774,-1.8149,-36.646,1.7194,22.146,-1.3841,-21.475
57.4,0.011914,0.006502,-0.0010464,-1.0042,0.0001147,-0.0008275,0.0035555,-0.22866,-5.397,0.12443,-35.703,2.3453,19.023,-1.5091,-17.277,-0.0019082,-0.010822,0.0037117,-1.0155,-0.0045073,-0.0037817,0.0032918,0.86157,-6.4978,-0.71445,-35.856,1.2875,22.803,-2.0651,-19.48
57.5,0.0049423,-0.0083973,0.01443,-1.0052,0.007913,-0.0037763,-0.0073842,-0.37894,-5.2725,-1.8756,-37.563,0.18481,19.327,-1.0598,-17.395,0.023634,-0.0071577,-0.004548,-0.99584,0.00084907,0.0057746,-0.0021992,0.21157,-5.5666,0.92751,-37.749,1.4474,22.793,-0.89835,-20.729
57.6,0.0024993,0.012711,-1.034e-05,-1.0171,-0.0019667,0.0041788,-0.0026844,1.2643,-3.7233,-0.037443,-36.701,1.5487,18.76,1.9349,-17.215,-0.0050327,-0.0035961,0.0033067,-1.0008,-0.0039322,-0.0028289,0.0038702,1.4345,-6.3227,-0.32973,-37.125,1.437,23.841,-3.3017,-21.453
57.7,-0.007099,-0.010593,-0.0025931,-0.97795,0.0057403,0.0021582,-0.0095439,-1.4444,-1.7382,-0.18681,-37.408,-0.99303,19.599,-1.04,-16.085,-0.0095938,0.003417,-0.0021954,-0.99336,-0.0012089,-0.00042826,0.001952,-1.4707,-7.5169,-1.2248,-37.454,2.093,21.516,-0.04303,-21.234
57.8,-0.031925,0.02177,-0.0011531,-0.99093,0.0077188,-0.005831,0.010353,1.4934,-2.8897,-0.15053,-36.923,-1.7332,18.833,-1.4584,-18.296,0.0025601,-0.016169,0.0047217,-1.0052,-0.0058576,0.00031528,-0.0040007,0.34147,-7.6134,-0.61517,-37.362,0.45994,22.331,-0.46146,-20.183
57.9,0.018263,-0.0059777,0.0011489,-1.0026,-0.00404,-0.0072573,0.0024546,-1.8653,-3.2393,0.15035,-35.13,-0.5053,18.738,-0.35931,-18.076,-0.011242,-0.01183,-0.0098786,-0.99462,-0.0022611,-0.0030904,-0.0020727,0.026522,-5.9187,-1.0941,-38.709,0.18738,22.087,-0.12498,-22.31
58,-0.0079536,0.0017549,-0.0033296,-0.99314,-0.0033494,0.0069467,0.0038507,-0.46086,-3.5766,-0.86415,-36.05,0.86855,18.254,0.56635,-16.508,-0.011953,0.0077913,0.0064972,-1.0045,-0.00049904,0.0082051,0.00070893,0.92382,-5.1704,0.0043998,-39.107,1.3898,23.67,-1.2131,-19.175
58.1,0.00027683,-0.020195,0.0099467,-0.99959,0.00096883,-0.0033752,-0.0061351,-0.5267,-4.1064,-0.65043,-36.069,0.58907,17.349,1.1546,-17.836,0.0040467,-0.013023,0.0012381,-1.0093,-1.3655e-05,0.0032023,0.00093684,0.98551,-6.1873,-0.54217,-39.255,1.0407,24.607,0.060708,-22.176
58.2,0.021629,0.0038851,0.00056177,-0.99344,-0.0048838,-0.0022218,-0.00085968,0.97491,-0.96231,-2.1886,-35.447,0.090941,20.559,0.66513,-17.363,0.00036652,0.0073522,0.0026958,-0.99075,0.00012824,-0.0070114,-0.0035768,-0.054474,-5.5957,2.2814,-38.95,1.2683,23.147,0.14857,-21.296
58.3,0.0030931,-0.014615,0.0047445,-1.0076,-0.002342,0.0057452,-0.0028237,-0.66746,-1.9588,1.1076,-37.191,-1.5111,19.24,-1.2284,-16.803,0.030751,0.0025483,-0.0032633,-1.0086,-0.001359,0.0068781,0.0045319,0.65491,-4.8574,-0.88763,-39.484,0.012529,22.677,1.2579,-21.802
58.4,0.022926,0.0070418,0.0010102,-1.0105,-0.00062171,-0.00098842,-0.0028026,-1.0676,-3.7965,0.15228,-35.71,-0.96478,19.788,0.59878,-18.18,0.0071696,-0.0029931,-0.002132,-0.98908,-0.0013866,-0.0049782,0.0043975,-0.45631,-5.8959,1.3257,-39.389,0.20972,23.738,-0.34893,-22.014
58.5,0.015344,-0.01907,0.0071975,-0.98832,0.0039466,0.0011232,0.013047,-1.3668,-3.6556,1.0035,-35.805,0.81,18.329,0.98193,-18.301,0.0005517,-0.0076203,0.001275,-0.99565,-0.0010842,0.0050347,0.0020193,0.0216,-4.6577,-0.92724,-40.982,0.064742,24.265,1.4506,-22.16
58.6,0.011352,-0.015011,-0.010478,-0.99201,-0.010612,0.0066316,0.007263,-1.1716,-2.9914,-0.95848,-36.966,1.3302,18.708,2.7817,-16.326,0.0014032,0.0096594,-0.017984,-0.9883,0.0070818,0.003123,0.0055863,-0.26794,-6.4114,-0.080464,-36.017,-1.5365,22.84,-0.015718,-22.744
58.7,0.0042688,-0.017103,-0.012486,-1.0042,-0.0029567,-0.0035382,-0.0013974,2.2672,-3.5726,0.73967,-36.889,-0.74559,20.727,-1.2945,-17.656,-0.00019573,-0.021981,-0.0057791,-0.99966,0.0016768,0.0098042,-0.010616,0.3113,-8.3059,-0.39932,-39.091,0.046672,23.305,-0.15009,-23.32
58.8,-0.016722,-0.0054374,0.008936,-0.99252,-0.0022485,-0.0053744,-0.0016532,1.8578,-3.611,0.64084,-36.803,-2.358,18.49,-2.2108,-17.724,0.016644,-0.0097169,-0.009335,-1.0028,0.0030292,0.0069281,-0.00087245,-0.37169,-5.9032,0.45971,-39.34,0.21655,23.777,-0.3833,-20.495
58.9,-0.011388,-0.0098504,0.0075422,-0.99283,-0.00064414,0.00078726,0.00091356,1.7767,-3.4781,-0.30043,-33.93,1.9144,17.674,-1.7253,-16.31,-0.0079826,0.0096027,-0.021258,-1.0096,0.0073257,-0.0033103,0.0087217,1.5391,-6.1388,-0.1329,-38.334,-1.9518,22.429,-1.8832,-21.853
59,0.0039722,-0.00012902,0.0084873,-1.0011,-0.00082936,0.0025585,0.00077514,-0.43511,-3.6621,-0.52636,-35.665,0.91569,20.562,-1.3503,-18.622,-0.016792,0.023437,-0.014664,-0.99983,-0.00068729,0.00027359,0.0021957,-1.1345,-5.1638,-0.10815,-38.255,0.31054,21.875,-0.0065468,-21.48
59.1,-0.0072543,0.011063,0.0072356,-0.99794,0.0051017,-0.0012083,-0.0026096,-1.0395,-4.7146,-2.0737,-35.836,-0.23183,17.694,-0.32906,-16.302,0.010296,-0.009084,-0.0066073,-0.98959,-0.0033933,0.0026554,0.006041,-0.83032,-4.6928,-0.45987,-37.219,-0.24644,23.634,0.34325,-22.376
59.2,0.016958,-0.00064586,0.0035798,-1.0013,0.0073601,0.0028833,-0.0011835,0.53596,-2.8061,0.17616,-33.981,-0.94525,17.971,0.53166,-17.006,0.0036054,-0.0056742,0.0027126,-1.0109,0.004555,-0.00070553,-0.0019291,-1.9479,-5.7864,0.85127,-39.612,1.868,22.311,2.6919,-20.574
59.3,0.010217,-0.0094827,0.0052462,-1.0089,-0.002355,-0.0054028,-0.0092514,0.14822,-3.0371,-0.42889,-37.166,0.77238,19.893,-0.068993,-18.691,-0.010568,-0.012956,0.0085164,-0.9919,0.011415,-0.0076241,0.003781,3.154,-5.0382,-0.11813,-40.614,-1.0392,22.729,-0.64235,-20.978
59.4,-0.019329,0.0039409,-0.014218,-1.0027,0.011839,-0.0010093,0.0020072,-0.10735,-4.3775,-1.9839,-37.163,-0.79712,18.385,-0.70873,-16.517,0.018418,0.0037988,-0.0043773,-1.0066,0.00079345,-0.0053764,-0.0046187,0.029257,-5.5188,1.0475,-36.052,-1.2175,22.832,-1.9742,-22.974
59.5,-0.011032,0.0035445,0.0044775,-1.0007,-0.00085675,-0.0101,0.0055569,-0.34195,-3.7524,-0.8629,-37.641,2.0149,20.08,1.0149,-17.567,0.023091,0.0025075,-0.0082865,-0.99596,-0.0033969,-0.0031742,-0.00051652,-0.37069,-5.4677,0.53391,-37.925,2.141,24.637,-1.6412,-22.141
59.6,0.0060349,-0.013181,0.0028263,-0.99423,-0.0035682,-0.0041652,-0.0058228,0.99217,-4.5693,-0.29863,-37.094,-0.43896,19.651,0.68491,-16.286,0.011194,0.0043662,0.0021601,-0.98427,-0.0083614,-0.0068387,0.00026008,-2.5014,-7.1153,-0.2364,-39.255,-0.15684,23.07,0.92184,-21.552
59.7,-0.011132,0.012924,0.016436,-1.0093,0.0016319,-0.0096154,-0.0047871,-1.2492,-3.6841,0.16627,-38.261,0.73622,18.334,-0.76007,-17.272,-0.0038871,0.015785,0.024198,-1.0037,0.0018225,0.001037,-0.0065894,-1.0317,-4.4503,-0.083342,-41.721,-0.91448,22.653,-0.64726,-20.91
59.8,0.0072758,-0.0041873,0.00013452,-1.0166,0.0077405,0.0014667,0.0056325,1.4885,-2.053,1.2011,-36.256,0.10277,19.447,-0.57677,-16.917,0.01461,-0.016526,-0.0088917,-0.99558,-0.0063527,0.004459,-0.0012164,1.0813,-5.1658,1.2374,-38.158,-0.054922,23.315,0.10689,-19.412
59.9,0.008848,-0.0012932,-0.0026766,-0.99552,-0.0067548,0.0026071,0.0022583,1.4822,-2.1914,0.48027,-36.064,-0.0089806,19.643,0.54237,-17.336,-0.012713,0.0008936,0.00046434,-1.0011,-0.0065333,5.6106e-05,0.005367,0.41265,-7.5791,1.1059,-37.711,-0.84582,20.13,-0.67105,-20.633
60,0.0092623,0.003578,0.0066909,-0.96863,-0.0034789,-0.0009382,-0.006682,-0.88713,-2.3704,0.27905,-35.318,-1.2173,19.222,-0.79116,-16.646,0.0025999,0.0018575,-0.011722,-1.0009,0.0060472,-0.0024435,0.0029588,2.7845,-6.8842,0.21949,-39.218,1.3186,21.739,0.36352,-21.412
